reduction_output_xo1b/XO1b_photometry_master.ecsv
# %ECSV 1.0
# ---
# datatype:
# - {name: xcenter, datatype: float64}
# - {name: ycenter, datatype: float64}
# - {name: flux_r1, datatype: float64}
# - {name: flux_r2, datatype: float64}
# - {name: flux_r3, datatype: float64}
# - {name: flux_r4, datatype: float64}
# - {name: flux_r5, datatype: float64}
# - {name: flux_r6, datatype: float64}
# - {name: flux_r7, datatype: float64}
# - {name: flux_r8, datatype: float64}
# - {name: flux_r9, datatype: float64}
# - {name: flux_r10, datatype: float64}
# - {name: flux_r11, datatype: float64}
# - {name: flux_r12, datatype: float64}
# - {name: flux_r13, datatype: float64}
# - {name: flux_r14, datatype: float64}
# - {name: flux_r15, datatype: float64}
# - {name: frame_filename, datatype: string}
# - {name: time_obs, datatype: float64}
# meta: !!omap
# - {date: '2025-06-12 20:46:11 UTC'}
# - version: {Python: 3.12.9, astropy: 7.0.2, bottleneck: null, gwcs: null, matplotlib: 3.10.3, numpy: 2.2.5, photutils: 2.2.0, scipy: 1.15.3,
#     skimage: null}
# - {aperture_photometry_args: 'method=''exact'', subpixels=5'}
# - {aperture: CircularAperture}
# - {aperture_r: 15.0}
# - {sky_radius_in: 20}
# schema: astropy-2.0
xcenter ycenter flux_r1 flux_r2 flux_r3 flux_r4 flux_r5 flux_r6 flux_r7 flux_r8 flux_r9 flux_r10 flux_r11 flux_r12 flux_r13 flux_r14 flux_r15 frame_filename time_obs
[from data line 134]
412.93762132898627 254.6348450198308 26178.959930597364 80984.75377258095 127889.70990979434 153224.5440632112 165133.7087223146 171637.84587864357 176422.57377581918 179548.15175013206 181650.6345171122 183310.51930966164 184611.3220654292 185647.9113564858 186539.6700248574 187273.34020117205 187755.51513690985 XO1-b_z_20250602_051134s 2460828.7209106
545.157492369509 540.1475001391212 -16.207433471175534 -63.1056171358548 -31.60240200094404 17.357672917211858 101.52802285544749 153.39591348530303 190.4508339130516 178.2160349128826 392.05039145180854 719.4576853799954 1184.5783173226373 2009.9894077963909 3337.072888879069 6149.508104790133 12661.603473993862 XO1-b_z_20250602_051244s 2460828.7217206
509.5307334124353 660.4969377688593 11502.53733942004 31671.772821669987 45517.93305133981 52486.00124116653 56206.75047927668 58289.79128038387 59599.74476781332 60562.48187959555 61258.76348381392 61721.581257447804 62148.6603094884 62502.74896046543 62733.18415350861 62981.37411940681 63097.691639788085 XO1-b_z_20250602_051244s 2460828.7217206
412.9572581701058 254.65359387466816 25406.17382095429 80229.62667586493 128980.71264526332 156485.79058017884 169375.968118984 176156.84278781858 180941.9716826811 183862.00158099734 186010.9743803804 187563.98225300142 188794.59728454615 189731.07686885292 190498.25969476544 191070.68102282833 191503.78352215188 XO1-b_z_20250602_051244s 2460828.7217206
550.0155348028286 537.6524789289093 28.180410032661257 50.21384755881991 58.20294815788202 52.76079085315541 180.11546088411887 363.33394776597925 637.3591450433378 1015.5135897242362 1910.5555692964954 3194.1544663631576 5514.544058916246 10569.066751367587 23377.41161606701 54372.87301718148 104824.52376465857 XO1-b_z_20250602_052140s 2460828.7279924
506.17397469458166 663.3165043599681 55.6198198453219 215.05676213376478 348.69059642273896 320.8883927386778 370.7888455109987 612.7079822483174 1116.994686165337 1943.9958821555701 3787.016673946375 8405.035248608321 19151.748480523944 35822.5914595433 52352.972027762815 63790.253046184545 69147.4006971981 XO1-b_z_20250602_052140s 2460828.7279924
408.5815473119003 258.4330986326831 7.326910240622965 120.12335522996864 156.7321027784551 254.5580837293801 387.43401252170406 667.6302369422701 1062.8913130346773 1608.533036881683 2717.4438591840735 4513.821479029029 8188.022633134504 16904.50152155436 40171.68248905118 83484.77313642883 134759.91377851221 XO1-b_z_20250602_052140s 2460828.7279924
549.0078382755421 537.9784284558407 29.246400175295037 125.69676568933619 277.8446384486965 481.7080860889673 812.0581503722278 1290.319020647701 2150.117834431272 3571.7405390530585 6306.419244882472 12781.577328531675 29715.214320393563 65648.0685700796 118530.18019065532 169836.29883083265 203580.2883534078 XO1-b_z_20250602_052255s 2460828.7287903
505.5786241480767 663.4747800791844 0.582762969109865 4.114646645180528 39.177937106096124 151.8585358752798 250.31411373562878 549.6981196454235 776.9193662551188 1225.0195132934678 1869.1542764611077 2833.053629967486 4928.129194437453 10937.26281425685 23258.504422231425 40391.84688319347 56111.20747882547 XO1-b_z_20250602_052255s 2460828.7287903
407.7637295672892 258.69878114384517 -9.286433258313423 23.281245708023334 108.65510750376734 97.42483416329469 53.328077911739456 74.11298476917727 152.6170256713158 452.20686647068214 972.326629758034 1591.5362062140339 2657.4718746170183 4557.494475777057 8546.921468435321 18309.7283218542 41081.38734347235 XO1-b_z_20250602_052255s 2460828.7287903
548.388631530923 538.4881884717882 41.83217373042754 183.026051699582 500.35546724081223 946.3195933273291 1635.5245152250009 2783.006891074596 5011.404489897777 9826.519001902954 22630.480767782363 54795.99862860889 107688.05174977635 163722.3249461428 201496.38143646478 218682.57894555543 225931.79070368496 XO1-b_z_20250602_052404s 2460828.7295907
505.35585443544375 663.72833165147 17.929799117530308 34.21437696481189 -14.401363473230958 -46.94204278628331 -20.390903558727587 130.9986892859779 187.09750747129874 267.5965663646457 591.0986378273046 1005.0288979830439 1513.9452505733934 2872.3393455315672 6357.366299102738 15361.33698017575 31619.219307781837 XO1-b_z_20250602_052404s 2460828.7295907
407.4908847218197 259.06250771325654 61.11131603017435 94.81019170542436 125.66968009121274 166.00223789476877 201.60913936089855 205.64176847724957 316.5152049988901 364.3127463441306 380.22137558064424 663.7330395181853 1050.0576666346897 1677.1486465796042 2952.7456970901476 5763.443302340165 10720.768439443258 XO1-b_z_20250602_052404s 2460828.7295907
548.0369297401311 538.8276438319226 58.100050285147915 261.54814143871045 591.0436520811008 1269.0110321888615 2391.382562401537 4379.385910324336 9349.71234583222 22584.404943563823 56435.10548849708 110730.91968462817 165415.96173542444 200505.62347597186 216192.42672019082 222970.32511009037 226594.011957609 XO1-b_z_20250602_052513s 2460828.7303946
505.43188294531126 663.8804669762723 24.618393496219937 46.22613769068448 102.41646522989095 86.86074436385752 -30.785966505192846 67.32391655095307 200.08432393185285 262.81412368018573 510.6617422126983 891.3577709251622 1178.821368594552 1823.217341356678 3431.478947552321 8056.835782140741 19242.6744538278 XO1-b_z_20250602_052513s 2460828.7303946
407.5166569837585 259.2709581657116 -1.5832060494636835 -14.766888269543188 25.802121661591173 42.19112248801321 122.84898507453909 244.70515821326808 188.8531087366173 318.0951397854369 489.22670738279703 699.3214814953608 1075.2300832387336 1449.8158131381715 2223.9785179182727 4246.910798073732 7154.163881523593 XO1-b_z_20250602_052513s 2460828.7303946
547.2284469150738 539.1825693274495 153.56799153622887 709.4015734953696 1673.5180021812962 3428.428080856036 7625.18293092726 19152.616282720228 48617.742368924155 97639.76863888223 150709.69808757625 188860.38360673946 207905.28403295076 216417.49341767514 220429.49624558358 223071.5323372417 225096.06450498506 XO1-b_z_20250602_052624s 2460828.7312091
506.13655511263136 663.4680026255777 -24.590133202819914 -43.99511787255051 -8.197591751174059 -30.73626143291858 32.48680330026946 -3.8955871037851466 -70.63815629590681 -86.49671654346821 8.50499375137224 281.55788565880357 456.5205666909824 1060.0302591867148 2539.8421475507785 6253.556580328237 15281.30074706924 XO1-b_z_20250602_052624s 2460828.7312091
408.40716906302936 258.73485912677245 -15.252553603777983 14.506202029884207 -38.705797744895335 47.758021116688724 156.75629772684988 298.89089965185485 357.9071837865813 480.4060737981381 716.5068132336528 1054.184027226118 1513.0825968890422 2073.877837224667 3460.235635376026 4823.584990581177 7645.801053949792 XO1-b_z_20250602_052624s 2460828.7312091
546.3040202369068 539.453282402973 425.08573253539697 1841.721711493656 5385.510621263857 14865.793057534065 38661.08137596825 82044.12665904213 134443.82800503972 174232.43348202165 194729.53275476542 203996.88245212106 208818.78266850152 211481.77721052046 213557.6404528776 215000.51909934927 216305.90088996268 XO1-b_z_20250602_052734s 2460828.7320264
507.7841375713839 662.4320023414577 7.539698312612757 38.32143450192689 100.29131877984355 64.78593555733914 72.52856382722348 137.27660631908475 194.00112768000326 150.97545355457623 291.2579117216301 617.745259177711 1115.660010347725 2105.8107012631663 4709.801778395442 11024.90572720993 23725.991507004845 XO1-b_z_20250602_052734s 2460828.7320264
410.44052056371606 257.5430665521526 7.876649255027246 -44.63988894774843 7.075257318511376 121.20605669010729 105.24059609161304 311.881769216734 430.7168595268813 611.4758617816697 753.2167810931714 1396.5321199985992 2414.988291299989 3074.025879412882 4349.78982192347 6991.195164329576 12988.165085558867 XO1-b_z_20250602_052734s 2460828.7320264
545.8227092571108 540.2701284282425 2020.358817688972 10919.227058213695 35288.72468655377 78809.9378172436 129766.09760225932 169561.84716513407 191148.36964921057 201673.10032624868 207240.0773853646 210815.69409898057 213219.71544584158 215044.1518951265 216381.17663004083 217560.7379863154 218623.92006213393 XO1-b_z_20250602_052845s 2460828.7328448
508.54775484820635 662.1278360188448 24.03380607051548 28.882637311213102 64.27296910917039 5.2568160594228175 20.973094641334683 202.15745580103794 384.7272279079916 437.79586116278733 490.3674724087723 868.4690688462069 1289.8837480697548 2210.2376617365735 4114.767711723929 8992.432044609624 19079.025176283103 XO1-b_z_20250602_052845s 2460828.7328448
411.60169394247185 256.908290825742 -5.517555101652704 -21.073059425421206 75.4373495240061 263.474174749389 487.7172498797663 629.7436636511338 639.8329187903328 850.8281759231868 1502.8532918416713 1981.6070536821426 2435.1589366354383 3114.96910572279 4502.292707274151 7566.293981049108 14646.56861104368 XO1-b_z_20250602_052845s 2460828.7328448
545.1567184767972 540.7552131781978 12711.354173051652 51392.817766605476 105294.1946401537 151824.09418361177 179474.5514178195 193339.80195337502 200956.47176958472 205653.50186356332 208742.64131277558 211066.30763640942 212628.91088015132 213994.92037139807 215215.6103697768 216097.6408681812 216747.35156311234 XO1-b_z_20250602_052955s 2460828.7336588
508.9922597098191 661.747359505346 8.306257922792554 31.298021978184806 27.031832094995025 -30.72490421864586 -106.25331158332301 -136.08334870019462 -218.99451579827291 -321.2735753300185 -49.194300325329095 234.9830294806743 707.4550685475479 1468.964671633119 2971.8115999497168 6174.67811041759 13470.391294156594 XO1-b_z_20250602_052955s 2460828.7336588
412.30658871444234 256.442802116541 47.61743810140848 71.65840698999068 122.07541966674444 259.77322485499644 351.221746299856 280.3218699082827 415.604041205228 962.2391585963451 1648.3770508157613 2046.7357727495182 2580.619465867043 3332.336924117917 4786.868696565172 7689.550225304105 13704.383267919911 XO1-b_z_20250602_052955s 2460828.7336588
544.1608884345377 540.5987843565572 33173.392627358524 102464.65002626374 156405.29651050761 183710.7400414454 196793.0205796811 204200.34818445647 209064.2859809706 212415.23036567972 214808.7108500449 216733.47894226678 218277.31522988743 219662.05249475245 220724.70740528312 221650.48453640877 222212.64966131962 XO1-b_z_20250602_053105s 2460828.7344572
509.5713018826875 661.27564100168 61.3645505939773 86.6122865248642 133.0416551135404 131.66360601296492 77.55822468303086 30.96324759073832 51.28776464137991 41.400659436279966 56.535223603321356 17.87294867529272 121.26034441195225 278.3733225978358 1031.2379746128136 2941.0400565460004 8090.170037956341 XO1-b_z_20250602_053105s 2460828.7344572
413.10380841913667 255.78892599155952 -0.976934850544751 80.64663005262673 144.74493671060372 173.2909044586022 259.41330149320856 218.07196765704794 820.2806642436262 1388.773823988704 1837.0831329936264 2194.3027650165895 2636.6328262366005 3632.473901415695 5044.814440626011 7410.167547843535 13203.610829123034 XO1-b_z_20250602_053105s 2460828.7344572
543.2756660397271 540.552026297816 36537.244191973856 105405.12371010597 155606.60984006798 180847.88348817985 193176.90307875827 200235.05253856207 204938.3748709754 208433.5199090024 210978.00581669938 212923.66025919348 214448.72919530634 215655.30830678772 216656.28103537636 217570.60457176145 218390.86703989247 XO1-b_z_20250602_053215s 2460828.7352779
509.71523213159736 661.099106198854 -21.118779096163507 21.290086002989938 41.53243310858352 93.27390476716391 153.21862868463904 -90.37410631081548 -56.948030612184084 -41.898593309077114 125.4981164238925 416.70079840569815 518.9328402349347 900.4507558408368 1383.167764611033 2341.026385392368 5002.235276343956 XO1-b_z_20250602_053215s 2460828.7352779
413.3695980721451 255.5169676940015 -36.24523932088823 -32.70790588517275 14.737727029095367 30.746552047343357 118.83054146545874 26.555988668180362 795.0834465390253 933.0185974661035 1312.134697669222 1732.6968175926304 1813.4283018675342 2321.5782283824883 3439.888181053764 5184.36320107193 8215.213736179372 XO1-b_z_20250602_053215s 2460828.7352779
543.266773634981 541.7302337829607 12479.875141672466 50536.43521737438 104552.73012558428 152021.17085622184 182540.1893156058 198431.87811269044 206202.37325880444 210948.2303630057 214104.14349406655 216408.19684528196 218270.46462600763 219689.7897909024 220544.6474152044 221520.06704490934 222569.98746362387 XO1-b_z_20250602_053326s 2460828.7360905
509.7767164552157 661.1442946220972 11.879348256710898 49.277857414734626 6.468155473512979 -30.335108643565945 -20.56372716410624 -123.64095476156217 -73.48076979680627 -79.05245370454577 -98.45239539886097 -23.684674950156477 -35.09728183761035 -25.406498878342973 102.17631847761368 690.7627712359536 1967.695153646957 XO1-b_z_20250602_053326s 2460828.7360905
413.4419950052568 255.44609666893092 3.159794265494156 14.706408814077122 0.803094627567134 101.30632295721261 149.03986069142593 241.29823809401023 1074.0104640428508 1244.4175799271034 1426.1928435734953 1653.658031076964 1892.1880845054911 2554.1894207865043 3343.3659806607975 4601.56088403413 6886.392280712622 XO1-b_z_20250602_053326s 2460828.7360905
542.103840654664 542.5547348155732 615.1544340566799 2946.081264993103 9158.704396355486 25780.74178853431 61658.06196056354 111488.87368764056 156230.1447925417 184873.04398525727 199190.44395372714 206137.76009414156 210166.96814746188 212725.4505878014 214662.68414199006 216113.16765419953 217323.24467084077 XO1-b_z_20250602_053435s 2460828.7368911
509.84432069522177 661.112203515635 17.792946369827405 41.87330131480894 42.24625154364594 -41.97231489542264 -137.24454839782265 -192.32273230535793 -264.1145314745336 -495.32938327805823 -535.3105277003124 -651.355209304551 -567.3696443469671 -506.255396802655 -520.0454762298614 -671.1168268465553 -642.4770311141037 XO1-b_z_20250602_053435s 2460828.7368911
413.6042519633293 255.29478030634598 11.981489905681372 70.644495042264 155.78611751434437 75.61110380329137 7.908143840790217 243.8797123180102 841.3929852059446 1042.528017858578 1150.4675519105404 1110.004291371035 875.2341216831555 881.9534891685762 1034.9392066671717 1255.0567324641015 2037.6611435796658 XO1-b_z_20250602_053435s 2460828.7368911
541.315444868834 542.429518569125 345.2549544287999 1476.0663427855507 3949.013997484674 10046.7443218192 25926.647570247354 60075.87301563072 107946.6566244805 151919.2435372451 181414.9385344187 196520.00030912412 203811.87098801075 207880.00670878662 210592.42781662088 212611.92778489811 214199.94037269638 XO1-b_z_20250602_053543s 2460828.7376842
509.8739490072762 661.0692339326855 -29.383651507237232 -50.88797106254742 -103.96454311384923 -79.1980862305536 -78.47508752017711 -178.00385792566522 -332.8810705406977 -305.1482183695989 -186.58575254368043 -362.12722268184734 -738.9104917149525 -864.9905897331191 -929.943191391525 -1073.5267136000912 -1121.7214544062008 XO1-b_z_20250602_053543s 2460828.7376842
413.68312645358867 255.32909790513207 -2.7191842896228877 23.482345499679013 98.1847520547035 82.18567424291905 173.78764790874084 397.36432225022327 1005.9923012547042 1146.2280535100908 1317.3975723509575 1405.0879530539169 1434.8098795947371 1538.2677851197222 1727.84212686737 1962.7520308843086 2380.948216007717 XO1-b_z_20250602_053543s 2460828.7376842
541.0428467808406 543.8833164994812 87.72193604827953 384.4491290511737 921.4143276309528 1916.053923015913 3636.720771997514 7170.127508244723 15239.803512980405 34459.62344112934 70663.59556605485 116465.5062380876 156142.3834083872 181305.9331667383 194019.83627277467 200072.18458334124 203315.10364077252 XO1-b_z_20250602_053652s 2460828.7384759
