reduction_output_xo1b/XO1b_photometry_master.ecsv
# %ECSV 1.0
# ---
# datatype:
# - {name: xcenter, datatype: float64}
# - {name: ycenter, datatype: float64}
# - {name: flux_r1, datatype: float64}
# - {name: flux_r2, datatype: float64}
# - {name: flux_r3, datatype: float64}
# - {name: flux_r4, datatype: float64}
# - {name: flux_r5, datatype: float64}
# - {name: flux_r6, datatype: float64}
# - {name: flux_r7, datatype: float64}
# - {name: flux_r8, datatype: float64}
# - {name: flux_r9, datatype: float64}
# - {name: flux_r10, datatype: float64}
# - {name: flux_r11, datatype: float64}
# - {name: flux_r12, datatype: float64}
# - {name: flux_r13, datatype: float64}
# - {name: flux_r14, datatype: float64}
# - {name: flux_r15, datatype: float64}
# - {name: frame_filename, datatype: string}
# - {name: time_obs, datatype: float64}
# meta: !!omap
# - {date: '2025-06-12 20:46:11 UTC'}
# - version: {Python: 3.12.9, astropy: 7.0.2, bottleneck: null, gwcs: null, matplotlib: 3.10.3, numpy: 2.2.5, photutils: 2.2.0, scipy: 1.15.3,
#     skimage: null}
# - {aperture_photometry_args: 'method=''exact'', subpixels=5'}
# - {aperture: CircularAperture}
# - {aperture_r: 15.0}
# - {sky_radius_in: 20}
# schema: astropy-2.0
xcenter ycenter flux_r1 flux_r2 flux_r3 flux_r4 flux_r5 flux_r6 flux_r7 flux_r8 flux_r9 flux_r10 flux_r11 flux_r12 flux_r13 flux_r14 flux_r15 frame_filename time_obs
[from data line 224]
413.95969104616097 255.03673649779574 27.258024859343266 65.8438619801118 133.11208208062908 119.09356357671186 114.78289431165649 563.7479389438904 850.4458862182291 1068.9925906095814 1129.790098380552 1317.6036538466287 1577.593022658868 1721.0299829471332 1629.3032747899342 1816.8402222180302 1948.6381921006105 XO1-b_z_20250602_060239s 2460828.7563836
543.9146141984494 541.0927783337252 -11.564062900406157 12.296706973359733 34.155136905604195 98.54054157487099 89.3351654341077 -153.17526796657876 -285.96684371321317 -438.34681972595354 -544.2974036878659 -449.19038601218926 -386.9714464954668 -560.3649275043499 -571.9350999368471 -770.0338691813231 -870.3434412192146 XO1-b_z_20250602_060347s 2460828.7571705
510.01574951861375 660.9247351348913 -4.59427952808943 18.35494295537137 21.977414211393352 -50.946836539415926 0.25631672527379123 77.55692456569159 134.11993358734253 126.34757096786416 91.13373137172312 119.49271244557895 140.04255709545396 197.57575179327978 161.4232378769957 116.96867740445305 79.0772593976144 XO1-b_z_20250602_060347s 2460828.7571705
413.9628513615014 255.01303347925153 -15.826736590001076 16.71719759609755 118.39172775176667 214.82422507759838 291.4118844678087 794.6723584875726 1184.3328677810387 1337.078624427133 1236.2262126149435 1185.4918718254776 1316.4967128837743 1430.5104976773073 1547.829256600613 1687.6147823414503 1583.6276050703746 XO1-b_z_20250602_060347s 2460828.7571705
543.982924465185 541.0626681772532 -2.8250071496735814 -29.57921738440291 -17.929828169008488 62.62465116625572 35.42660532608534 71.88655884994478 3.173391391792393 -116.73239569344514 -229.845766164035 -322.154501196419 -352.49627582379617 -430.0757410676961 -340.2765387490508 -336.64822109104716 -480.7154793010559 XO1-b_z_20250602_060456s 2460828.7579712
510.0032660069831 660.9305301223052 -3.878004241950123 48.621246684306016 90.00676694825324 177.44228356695567 166.42685003183033 63.071191751167134 185.7856806000491 216.3246344963045 251.90041513392862 263.7827818787846 501.83632644954196 670.9222250849343 537.1629703108774 610.0474024376163 543.814176802407 XO1-b_z_20250602_060456s 2460828.7579712
413.91495501058773 255.03791015057035 0.24326075975892536 38.14609361146563 51.921385144311444 25.782443470520775 11.7904285619843 415.9236130045483 686.9429415954546 666.2736718082706 674.8929104224953 672.9952676027169 785.9405241592322 706.7286400492085 666.7577008985536 610.4419220179261 646.2271246620658 XO1-b_z_20250602_060456s 2460828.7579712
543.9313278916387 541.017622843989 3.7069059969643376 73.65766227823633 131.2962941912583 167.0825686213857 210.69582682051077 211.08744168196608 147.7764546417675 349.2659526552816 741.9590347693229 987.4094184702117 1177.2207266900587 1164.46075609963 1181.0236452429963 1013.8698113020364 1318.8488222952292 XO1-b_z_20250602_060605s 2460828.7587696
509.96458033701975 661.0439875025169 13.541448068255988 3.2016360362151772 0.22783276054315138 27.859640794939878 64.20166088045698 -104.95694467912108 -49.76762228952066 30.943031935803447 68.94179682255344 189.47056210603478 145.70996883086627 63.42270624815865 18.619808227274916 -9.35884591982176 -24.3265932288341 XO1-b_z_20250602_060605s 2460828.7587696
413.9119934556061 255.03652159434833 2.766999717786007 -9.328762878211819 54.079329627652896 119.12323157251103 157.0370856040954 531.1505781414289 748.7552249504442 843.5477416301801 953.0018765581044 1033.7776728946192 1099.6728781590646 1128.9658294450783 1212.5641255423834 1353.3810821993102 1552.2660651018523 XO1-b_z_20250602_060605s 2460828.7587696
543.967126193387 540.9497571211258 20.272127733894763 67.50657039630028 54.7925116396741 70.70259819588682 60.86150836852357 78.22607815314404 23.813424110077904 -173.94197637990146 -300.6918702883486 -96.96602145146608 -0.8302095928374911 -73.95461699936277 -181.94818332328578 -271.68055035527505 -281.1048707273003 XO1-b_z_20250602_060714s 2460828.7595714
509.99551629700466 661.0576294979232 -23.004721044657288 -68.18978947766618 -20.510645123631093 142.06622762426377 164.4886174364201 87.46100358237345 107.74357839305594 151.74406648388685 286.72615489495365 230.9214934624033 97.93250330261071 84.45398262228264 -115.20827204459056 -110.96103617237532 -56.15309917759441 XO1-b_z_20250602_060714s 2460828.7595714
413.9436867314297 255.01702110824078 -2.876467508141502 -14.686541833012598 -37.16321458668381 -75.89837612124666 -6.367140156688038 551.831066498924 954.6772677017616 949.1924030498376 783.7041192599136 692.6339185249963 802.4470005606199 1043.6168194100828 1131.5358824031573 1161.0507796295133 1094.4379383442283 XO1-b_z_20250602_060714s 2460828.7595714
543.9737500273899 541.059679650862 42.781939146508705 120.49251556766512 196.2577656391686 253.78371621978658 250.15977839210063 199.1346440697198 153.44169416425575 57.863363006992586 67.07799365332903 138.06025901732937 85.43039756122744 -44.08399145989097 -5.142732578489813 -255.40331383538432 -435.02955556398956 XO1-b_z_20250602_060822s 2460828.7603568
510.0193190936862 660.982897609462 8.816691638467773 24.36951288487103 122.80372734196544 139.23444393012596 157.65516383177965 219.4968821266939 249.90669401521882 297.13452286046595 296.6586184955959 487.3882634424226 451.6055791342151 207.44877723511308 251.8605547483312 166.71218332264107 119.6289831422182 XO1-b_z_20250602_060822s 2460828.7603568
413.95284013399123 255.04569877494515 24.213962124746615 81.13267300747839 181.52297512236555 218.52841169136627 304.1102164407657 767.6006863679995 969.0836924551877 1050.9314562079599 1248.476837455797 1440.3973349265216 1628.3580396360412 1923.0001662169598 2061.7374334163032 2376.46755035597 2636.872634781219 XO1-b_z_20250602_060822s 2460828.7603568
