reduction_output_xo1b/XO1b_photometry_master.ecsv
# %ECSV 1.0
# ---
# datatype:
# - {name: xcenter, datatype: float64}
# - {name: ycenter, datatype: float64}
# - {name: flux_r1, datatype: float64}
# - {name: flux_r2, datatype: float64}
# - {name: flux_r3, datatype: float64}
# - {name: flux_r4, datatype: float64}
# - {name: flux_r5, datatype: float64}
# - {name: flux_r6, datatype: float64}
# - {name: flux_r7, datatype: float64}
# - {name: flux_r8, datatype: float64}
# - {name: flux_r9, datatype: float64}
# - {name: flux_r10, datatype: float64}
# - {name: flux_r11, datatype: float64}
# - {name: flux_r12, datatype: float64}
# - {name: flux_r13, datatype: float64}
# - {name: flux_r14, datatype: float64}
# - {name: flux_r15, datatype: float64}
# - {name: frame_filename, datatype: string}
# - {name: time_obs, datatype: float64}
# meta: !!omap
# - {date: '2025-06-12 20:46:11 UTC'}
# - version: {Python: 3.12.9, astropy: 7.0.2, bottleneck: null, gwcs: null, matplotlib: 3.10.3, numpy: 2.2.5, photutils: 2.2.0, scipy: 1.15.3,
#     skimage: null}
# - {aperture_photometry_args: 'method=''exact'', subpixels=5'}
# - {aperture: CircularAperture}
# - {aperture_r: 15.0}
# - {sky_radius_in: 20}
# schema: astropy-2.0
xcenter ycenter flux_r1 flux_r2 flux_r3 flux_r4 flux_r5 flux_r6 flux_r7 flux_r8 flux_r9 flux_r10 flux_r11 flux_r12 flux_r13 flux_r14 flux_r15 frame_filename time_obs
[from data line 45]
544.3151717389512 540.7902095921105 -45.9870330952279 -3.6417193634129035 -17.298757080744963 -84.490352385822 -89.23301014712524 -154.9073024408608 -293.917533003314 -331.0192520639175 -395.50813455943717 -353.2703019819455 -300.0491964830144 145.32962185249198 823.2152139574027 1698.0375006039976 3318.039182586872 XO1-b_z_20250602_043233s 2460828.6938207
512.297306717585 661.6393115542826 2065.189712718844 9918.068386487252 22068.31016871553 34645.01770091078 47714.687197605024 59236.666369883445 66265.26786695365 69772.38531429911 71627.6093923829 72768.14116510432 73627.7918982748 74369.01061325187 74710.56976347498 74977.96210849477 75225.51498334402 XO1-b_z_20250602_043233s 2460828.6938207
416.78294048192487 256.1547326457274 12339.54085095883 44874.253456766346 86196.83547767378 128938.58138681442 167401.78198075274 192380.94378838022 205647.28336667523 212804.55564654415 217366.16296845832 220625.43169672624 222895.5318454982 224786.02709570326 226207.94362205235 227237.6816144741 228093.77826248604 XO1-b_z_20250602_043233s 2460828.6938207
544.2870223039511 540.7985093796477 -23.18490150216286 -81.28999361028104 -156.5618570097222 -122.15348347577583 -157.83594766440365 -217.3871209997269 -208.0634646397266 -276.96266543154707 -296.6579228508999 -420.8745791599722 -299.1382014323681 27.078972780473123 804.7179919427581 1995.99567184459 4433.418057463423 XO1-b_z_20250602_043344s 2460828.6946367
512.0646735220641 662.0036517949994 4844.361256699588 17263.460050339876 31758.577504465902 45322.27401795972 56867.96465736264 64500.80519086146 68896.66455139738 71215.54369874838 72617.91180200539 73719.2024262207 74733.73527596664 75339.54268076105 75816.46513750922 76149.05159064193 76461.85042095609 XO1-b_z_20250602_043344s 2460828.6946367
416.45628487349535 256.70587189867456 22317.21762643208 70503.78072437616 119750.01607278686 160345.0991211363 186088.0262866402 200618.57174090127 208424.3063986214 213457.83251482953 217015.92412121108 219637.73945461703 221450.8332283509 222909.4071783434 223929.44068308594 224967.48852671403 225965.1431231871 XO1-b_z_20250602_043344s 2460828.6946367
544.3503650147338 540.8852786019291 -51.2486038257822 -137.89573681374054 -172.7451090808645 -244.34894300870656 -222.2093334966703 -305.69055922404914 -207.65873484890108 -84.31188539607683 59.1759798218045 294.46466314477584 706.3757775270278 1564.5024680745046 3109.61605507887 5948.606646842163 13082.66408980271 XO1-b_z_20250602_043454s 2460828.6954479
511.8822822671209 663.5422155743822 2303.9030136004585 10894.68508169673 27401.062175164858 46764.63759044396 59745.20640923153 66409.71268120444 69505.44610289652 71306.54134948151 72458.89088482028 73335.28555906622 73996.07017786818 74517.5225922594 75033.13694645662 75395.4257558958 75655.2206921947 XO1-b_z_20250602_043454s 2460828.6954479
416.26533668450367 258.76703871287685 6164.686325672101 30481.448360555823 79157.79465062804 135153.41671166013 175592.29529424518 196367.18834734496 206658.93318395538 212914.7348862217 216599.9544121153 219243.66152078038 221280.08998191566 222904.54324235587 224350.48918335675 225428.31042755122 226306.42318455724 XO1-b_z_20250602_043454s 2460828.6954479
544.447657478307 540.8361667639724 -24.66502945436497 -53.1989774149888 -71.17652684591985 -144.00378169113173 -123.18046560854418 -130.9947308633018 -180.4662448988529 -263.3708792283978 -42.059818111210916 165.4241506625258 699.9976538837363 1458.2359797852623 2985.273532872219 6032.293210376782 14306.748963093414 XO1-b_z_20250602_043603s 2460828.6962511
511.7102075069415 663.2901810631733 2979.507603670702 13102.995310840986 30987.18557610789 49471.21141731063 61109.04626264329 67078.82382953246 70169.15505493121 71989.27132919307 73092.7730445081 73939.1048702968 74727.47108084866 75163.28331471232 75464.77529383477 75755.738106375 76034.84874485919 XO1-b_z_20250602_043603s 2460828.6962511
415.982881727779 258.4705618782704 6917.711831708109 33239.409006914095 81724.14674636349 137013.74872856287 177132.55159857648 197148.801906878 206655.67861978133 212514.7284938238 216204.94586064512 218873.17308794032 220768.87929576874 222111.70602630766 223009.23929478455 223785.3742802412 224529.6419506453 XO1-b_z_20250602_043603s 2460828.6962511
544.5174552238063 540.7680281932423 26.114680345349882 33.32273889560952 -30.487065677255032 -20.726693510202495 -58.45873106413819 -105.8862246618246 -144.1000318564329 -102.58347294900886 59.7717620281328 373.8624407758034 1041.1825584570106 2253.787515132404 4508.388487085642 9529.439275890152 22044.527522602322 XO1-b_z_20250602_043713s 2460828.6970601
511.35957020102285 663.2080033742774 2820.2263865773084 12289.729815429311 29243.969689036297 47848.86796581099 60559.84688198372 66948.25945478794 70017.2038843674 71794.23591818273 72893.15819975421 73527.52755482832 74096.03383789345 74497.04648791163 74818.67669274866 74929.5136424669 74963.43840875609 XO1-b_z_20250602_043713s 2460828.6970601
415.4961330389744 258.2770603801044 4764.973860794578 25415.74998361059 68495.97717129225 121369.71295995009 163844.4822393411 189599.27135673826 202909.52060144357 210252.97988784386 214570.19090220667 217685.93481533218 219792.85093306768 221237.8154126869 222364.11933284719 223302.85769846867 224046.03726876597 XO1-b_z_20250602_043713s 2460828.6970601
544.0044288117335 540.9812730842056 7.197217131979926 -32.11873715809702 -66.46777508344258 13.118887214109236 -10.320690388900402 -223.49368890059668 -283.2998205357035 -522.8731325555636 -540.1207094062302 -700.3414720244618 -826.4789640351883 -922.6721873200295 -856.7541330226086 -677.780915942436 -449.66780058185395 XO1-b_z_20250602_044325s 2460828.7014219
510.03407396055434 660.9667697235723 -58.27456744553632 -133.83080445755104 -175.89346564442621 -162.04536292389548 -135.13371893311705 -206.3702783002791 -253.5188830169718 -462.9989421690225 -555.2692903127754 -579.3138813556361 -562.7944646086762 -729.8833124517914 -869.6083597350225 -1020.9706668789877 -1291.7715385729825 XO1-b_z_20250602_044325s 2460828.7014219
414.036392521558 254.97021141153684 24.739317125425657 69.60257960301101 30.366256302273086 -31.790205722944847 -21.262256243720913 465.7094117164943 510.6879440814773 607.7246356929172 599.6385698647064 595.3890933854709 460.21136518966523 332.0742340590441 265.17123834515223 380.16940399841405 336.90001913983724 XO1-b_z_20250602_044325s 2460828.7014219
543.951484921735 540.9706982919512 -31.42873948743909 -41.45261994303519 9.25427472306319 84.6509217108196 96.47899881715239 -42.24795256678226 -246.36794187531268 -453.3892909884853 -652.0652798017691 -762.7555607573886 -887.5241984003442 -1165.2324382499355 -1394.3418976472967 -1496.7338038899325 -1538.6051238760847 XO1-b_z_20250602_044440s 2460828.7022247
510.064062882161 660.985720329433 -33.52448384912503 -90.17634625364758 -103.53168308950853 -161.43140219863926 -86.51299168191326 -218.51032922675222 -196.55072773214488 -330.4935099943614 -377.61296607826444 -582.611057703878 -1026.2457947008443 -1324.4246165142467 -1669.6512752288618 -1862.0785786560155 -2165.840781221341 XO1-b_z_20250602_044440s 2460828.7022247
414.04499829246873 254.98169890745123 43.77468402578489 77.21751657332243 52.675125149800806 47.65989857031764 176.14045688916121 753.2766589895182 930.5917464038939 846.2918634453454 930.9610688067987 1021.4003703477865 998.719322533565 1108.936071711396 1183.5120868014055 1341.732942765375 1425.1555697504082 XO1-b_z_20250602_044440s 2460828.7022247
544.0246110188607 541.0335524509547 -48.02634590784436 -117.26663650232945 -93.04949717598083 -60.73248796412918 -71.27621990915031 -143.49264405004214 -104.99441329273395 -182.40207612320228 -322.5314846248584 -468.69660939247115 -711.4665769638013 -915.30587481361 -1013.57515417588 -1118.2886355270603 -1202.4286128889507 XO1-b_z_20250602_044550s 2460828.7030431
509.9818429974508 660.899343613429 -46.79667933214603 -162.05216114932932 -209.93681707323185 -277.2360160898543 -320.5252269884004 -311.1959670933102 -452.08121692607165 -666.4283968171803 -866.8921352877842 -1116.7971165631097 -1349.959241147124 -1752.2562411276886 -2158.4232636218076 -2535.1132579934056 -2758.288814270898 XO1-b_z_20250602_044550s 2460828.7030431
414.0789686356068 254.9536817140473 9.401301171045759 22.30737106963693 -92.56894058772332 -288.5785821700965 -497.2757477372252 -205.33965348608035 -174.3953411732 -235.02750195789122 -412.3033074982159 -682.7672407019636 -962.3380844204294 -1193.8019688023342 -1545.6233040579536 -1733.589436849521 -1757.3613380166498 XO1-b_z_20250602_044550s 2460828.7030431
543.9696013577832 540.8953895697921 7.247065976361569 -17.736190539544623 -11.406179177422928 -22.24048052141461 -115.80859013946247 -305.2761165560023 -493.0033762094172 -662.1218649389666 -926.7732154794285 -1480.3842841509904 -1716.6260880511254 -1846.4815944686343 -2092.413083547428 -2262.2448788240727 -2481.952888952248 XO1-b_z_20250602_044659s 2460828.7038431
510.011140739566 660.9452145328937 -12.012091403557179 -64.7296025440312 -108.66269578969013 -147.9333752716393 -211.37932837247354 -332.26524689380494 -274.8517527345575 -408.19441546730377 -627.3488338723582 -876.5519941068123 -925.5660382786446 -1070.80719116181 -1234.9009658309515 -1642.126355303597 -1703.61079260541 XO1-b_z_20250602_044659s 2460828.7038431
414.12336600544745 254.82162006153908 -6.32575340746024 -20.59970553179619 -49.994483976386164 53.58472716888173 152.1428712233901 738.6331302888011 864.3867991902334 876.7713502568768 822.7212558130122 685.5614946787755 731.8258020262656 712.8892113783513 697.761958103074 1143.1464696086332 1841.0727689353225 XO1-b_z_20250602_044659s 2460828.7038431
544.0306053471512 541.0192366550151 1.838658153257029 -8.687306045496598 -85.64991041784015 -208.393162753051 -215.35530814757658 -346.6124456441012 -513.9386454194355 -726.5373336254015 -1010.8359348464619 -1383.262848744118 -1579.4832072770805 -1899.7636388368555 -1995.4388283887238 -2189.801033844633 -2304.849365997783 XO1-b_z_20250602_044810s 2460828.7046658
510.05357305711874 660.8858881413045 3.3644531317744395 -0.5380172569418846 23.557277380804862 2.5793904816719078 -87.11820135380367 -122.03190621711838 -241.73507905096267 -483.10238217481674 -560.9575858523385 -642.9518807059285 -946.123077546974 -1036.4511518136424 -1147.9482706069539 -1278.8156305695302 -1429.8905382974335 XO1-b_z_20250602_044810s 2460828.7046658
414.0901114228507 254.81746655457803 4.2635126518227935 1.6288688316121807 2.745205936046659 -30.834375686968087 9.48338984898146 539.2941722627493 678.5431501741077 625.5330223738965 674.2003527747729 699.5737924400382 863.5544026380376 960.1501972386468 1088.7311016264866 1392.4270166698407 2141.1830907139956 XO1-b_z_20250602_044810s 2460828.7046658
543.9831780795394 540.963305787528 -18.170310627017898 -100.80307785059836 -199.34778656322396 -202.72828984476564 -282.9465323401855 -353.7809932108448 -567.2891326912577 -781.0619802767651 -1045.4609444775015 -1272.4260836838657 -1452.4799362440244 -1612.5600765538038 -1670.1292556608169 -1915.916687985853 -2212.865576537006 XO1-b_z_20250602_044921s 2460828.7054847
510.09072544283316 660.8184538516153 -25.133137260214596 -13.481166954039963 -72.79084966878781 -116.31976263513843 -163.6901676241523 -301.82653737253713 -477.03950905253805 -645.9650298875204 -610.8947823670896 -797.6882238699618 -979.6329100963558 -1092.587224594463 -1319.4381216480106 -1591.0295334657421 -1792.6704938248731 XO1-b_z_20250602_044921s 2460828.7054847
414.11094609706214 254.8002054330381 33.69560131978392 135.68599564505848 182.91023465474973 264.7559136317286 376.53578034174825 1096.0325268298475 1276.2070398932337 1506.1158549893516 1546.2317833935122 1659.5397745269802 1774.7999463806482 2015.2463566173392 2198.2072764525656 2786.68974647524 3589.016957599917 XO1-b_z_20250602_044921s 2460828.7054847
544.0317393282364 540.9278284049223 -33.86416383974063 -108.24159727899132 -259.99935112315734 -344.9619996931233 -468.82960845819434 -616.4689234691286 -780.58854835292 -1172.1076031602352 -1457.9204382762218 -1768.0018482806845 -2015.7074479001676 -2246.7799107811006 -2269.8793462796893 -2542.422974646892 -2760.8129554477346 XO1-b_z_20250602_045033s 2460828.7063107
510.0881861837827 660.852947886079 -17.442073577227006 -57.37271194707682 -110.26266423223296 -165.12967545835636 -247.72617920905213 -434.56336876531896 -532.8257226524802 -706.459628919969 -683.7768408415213 -883.4300627636985 -1001.084123300483 -752.5716975367395 -608.5735526394274 -269.9760884335119 253.4032543929061 XO1-b_z_20250602_045033s 2460828.7063107
414.2312673507514 254.6282651008466 45.610514707682626 73.23173324187292 50.57128105376569 111.3084261836093 239.04101840839576 997.7701998351258 1123.1261008958318 1488.3096251363022 1824.7578799566363 2053.3088472566888 2638.8829378192822 3335.0417249848106 4313.223614755669 6107.1963477724785 9267.679051611005 XO1-b_z_20250602_045033s 2460828.7063107
543.9999283493862 540.9142526277134 -16.886951645115573 -74.56561407121353 -168.6556238983867 -170.18295429345926 -285.40835604670065 -322.4170775450748 -501.5663137463489 -698.4504624102956 -1052.1290721421465 -1388.7238349357212 -1705.079190249584 -1984.1127590616234 -2024.3822401064972 -2307.194629394493 -2474.7114447652275 XO1-b_z_20250602_045143s 2460828.7071222
510.0976150757246 660.7835754514313 -29.38934392562993 -56.798752366293 -37.191207635081355 -28.884196738991704 -118.788556203197 -108.13047622657723 -1.3329149813835102 14.315867827630427 3.4643133355493774 -51.09202404786629 -131.95823345619283 15.769011644595594 394.7314163375122 1175.8886473381572 2971.7641470736125 XO1-b_z_20250602_045143s 2460828.7071222
414.2575595348931 254.5354043516167 -14.206995339924788 22.5443677291139 15.03707090586704 104.65644964851072 342.3187378606908 1178.1663250338897 1470.4380032936206 1885.8176838228865 2301.4255473603152 2949.186745363091 3925.3145983486684 5100.135723074745 7017.203219784991 10685.197673593371 18923.112645677087 XO1-b_z_20250602_045143s 2460828.7071222
543.9728903136986 540.9749229532641 13.913602973203126 -4.591198396152322 -72.58298173577668 -175.30398402501305 -259.7373045179593 -368.7960829182048 -532.9073577078561 -761.217725843795 -991.1395925517973 -1275.7356139814656 -1513.0247998726409 -1646.2300544700483 -1869.8696703880923 -2114.238447630836 -2418.9807657338097 XO1-b_z_20250602_045253s 2460828.7079364
510.20451565584443 660.7450898648432 -49.16556539876342 -82.3897236558555 -89.84080165123805 -131.76940772890975 -107.42739579032605 -91.51960669108485 -191.62887050181598 -408.76497229223605 -433.24520998660955 -431.8312129828628 -367.71761396017246 199.65384720578732 914.8058080555784 2214.5850558188977 6473.448241719932 XO1-b_z_20250602_045253s 2460828.7079364
414.4048858129484 254.2986305943825 2.092997530337925 27.751716209862252 66.46453789862744 242.08531872612184 582.3097845777957 1262.8559008962256 1559.3622473686992 2089.737877024374 2562.7432434807706 3214.2326226061487 4532.343271630118 6465.676580556152 9690.240711301682 16858.260869205435 33820.04484790949 XO1-b_z_20250602_045253s 2460828.7079364
543.9825779259382 540.9417420370962 14.872310267253738 -30.52087013062146 -119.9477765171082 -194.40049237032053 -421.82766734641154 -539.8246422931406 -760.0370743801941 -1038.7249181312327 -1329.4480184726963 -1601.1234486174872 -1816.0142728128485 -2011.7817250315275 -2359.339087927816 -2695.8031171998446 -3114.4373233495426 XO1-b_z_20250602_045404s 2460828.7087583
510.2879717566152 660.4374970519955 -26.285074968893127 -78.60987298803138 -102.82021747291992 -81.82821173848151 -272.66596766320254 -419.50115434175495 -426.990941677901 -262.0553083906416 -179.1449932172036 217.13041894105845 1051.3736662516894 2553.27949339318 6407.4047269031435 14751.890114531692 28213.674065983927 XO1-b_z_20250602_045404s 2460828.7087583
