reduction_output_xo1b/XO1b_photometry_master.ecsv
# %ECSV 1.0
# ---
# datatype:
# - {name: xcenter, datatype: float64}
# - {name: ycenter, datatype: float64}
# - {name: flux_r1, datatype: float64}
# - {name: flux_r2, datatype: float64}
# - {name: flux_r3, datatype: float64}
# - {name: flux_r4, datatype: float64}
# - {name: flux_r5, datatype: float64}
# - {name: flux_r6, datatype: float64}
# - {name: flux_r7, datatype: float64}
# - {name: flux_r8, datatype: float64}
# - {name: flux_r9, datatype: float64}
# - {name: flux_r10, datatype: float64}
# - {name: flux_r11, datatype: float64}
# - {name: flux_r12, datatype: float64}
# - {name: flux_r13, datatype: float64}
# - {name: flux_r14, datatype: float64}
# - {name: flux_r15, datatype: float64}
# - {name: frame_filename, datatype: string}
# - {name: time_obs, datatype: float64}
# meta: !!omap
# - {date: '2025-06-12 20:46:11 UTC'}
# - version: {Python: 3.12.9, astropy: 7.0.2, bottleneck: null, gwcs: null, matplotlib: 3.10.3, numpy: 2.2.5, photutils: 2.2.0, scipy: 1.15.3,
#     skimage: null}
# - {aperture_photometry_args: 'method=''exact'', subpixels=5'}
# - {aperture: CircularAperture}
# - {aperture_r: 15.0}
# - {sky_radius_in: 20}
# schema: astropy-2.0
xcenter ycenter flux_r1 flux_r2 flux_r3 flux_r4 flux_r5 flux_r6 flux_r7 flux_r8 flux_r9 flux_r10 flux_r11 flux_r12 flux_r13 flux_r14 flux_r15 frame_filename time_obs
[from data line 90]
543.9889341539066 540.9291985800807 2.3627254045942436 -41.87328873704587 -152.447608583484 -236.90343517840938 -378.77871761895403 -607.8161969495377 -654.126171061569 -881.3818994474859 -1269.6169577938635 -1592.4942086623414 -1740.6627149413544 -2101.9852841873944 -2281.627933021977 -2512.194422315355 -2886.786262199821 XO1-b_z_20250602_045514s 2460828.7095649
511.0653259795794 658.868558086934 9.305364764483954 -49.39588879780672 -46.43733293367086 8.114350172119885 47.83185415085609 108.91918770143093 227.44523456868046 428.3506889769342 746.5605510238929 1551.9799945351624 2807.6235418012293 5537.430083977219 12570.357702127294 26283.380488737996 44042.97753091769 XO1-b_z_20250602_045514s 2460828.7095649
416.19041911970425 250.2779953430234 11.57047065899485 -55.362590903029286 106.31363671024292 776.1168279291524 745.8869518697193 837.8263254346875 1101.6837631500093 1391.2456147360208 2034.3061343360023 3141.664560059835 4882.565314199819 7703.966649042675 13154.24889206735 25414.353235960356 52884.36532122303 XO1-b_z_20250602_045514s 2460828.7095649
544.0526027066106 540.9587215710565 -10.537240290152681 -72.33720338847934 -178.39616872524402 -281.9790695262782 -267.38229074004084 -263.1731499190082 -513.2184477770388 -772.0024498841267 -1045.1059633196746 -1307.6056935124507 -1411.4332507358704 -1502.6587338635873 -1657.7664226795896 -2170.3359546506254 -2455.8113966896344 XO1-b_z_20250602_045623s 2460828.7103707
511.24154057574225 658.6126935697382 -6.625009951192567 21.169794329615115 21.507047764701838 12.016877989492968 113.82772775316698 194.14650856212575 333.0776894734554 462.0782402229379 758.4586254951173 1185.8154569783073 2426.873964800405 5282.0688158065095 11562.72609334765 20842.319676283136 29874.15074533147 XO1-b_z_20250602_045623s 2460828.7103707
416.3416340978304 250.11612360711518 2.2911378299444323 62.04347175096632 348.7339570736417 930.3774204414649 1157.9681748428393 1305.8733226262957 1535.7547215987724 1823.2188637568433 2325.49891000332 2878.7036822826412 3845.5533319246388 6272.696804431071 11473.161744288329 23351.90212968127 45674.51804713448 XO1-b_z_20250602_045623s 2460828.7103707
544.0351803883142 541.004149250637 -2.972380396471806 -26.364545199729264 -58.825415119815716 -183.74563223780842 -311.22202044822006 -381.21297114791014 -574.4846382802534 -794.9347461239668 -910.4126336298286 -983.1985323662157 -1054.4621217619133 -1195.755344444915 -1303.8189206059033 -1655.8166080442606 -1981.9602044619533 XO1-b_z_20250602_045733s 2460828.7111807
511.45699723946234 657.9032201657197 18.95581230904935 50.00993547229814 177.38001671004213 294.41802688972075 322.58336310095365 464.768123962569 705.4889561733762 1062.1511562098676 1651.8814285735098 3112.021404014944 6467.587805984651 13388.44001281412 22207.84545795349 29946.09682938036 34546.062424396936 XO1-b_z_20250602_045733s 2460828.7111807
416.2989075753972 249.81492936291974 31.77079899210969 126.67247381249649 209.072495804337 964.0489446810134 1242.1896198368195 1590.1895941524472 2084.4883424327963 2695.8751079103204 3361.286711011784 4675.908781749757 7801.95123670344 15919.378006657622 34226.37112095776 60815.582690581796 86701.80243765388 XO1-b_z_20250602_045733s 2460828.7111807
544.0965448718358 540.949150435321 -29.52098877902455 -95.23069339983272 -150.53397130291933 -206.09281097812345 -247.16954906682258 -276.8020969837962 -309.4059895280625 -526.1778298869976 -744.5007995790802 -804.8068835266968 -882.4831978569418 -1134.110195190995 -1139.291413110841 -1135.1916789723473 -1124.062300597303 XO1-b_z_20250602_045843s 2460828.7119847
511.3550521671802 658.0812857925356 3.0956665507029584 7.3458933368629005 87.20511324943391 196.1940676469494 407.48255316824725 841.2538906319605 1465.6521541196016 2558.0756832352818 5082.716164901642 10848.255925445803 20267.051257911662 29576.503574338618 35367.52797597469 38237.82462238433 39441.336739500504 XO1-b_z_20250602_045843s 2460828.7119847
415.95254906483274 250.38554307037472 18.469386462543184 106.81377198524592 402.2933125559025 1466.5680716086727 1878.7560268029774 2385.3284068976154 3538.2675679051426 5291.931853141508 8670.527384883699 17539.057586019037 37967.58544110496 67680.0736000837 95210.13516453178 112559.9881395257 120671.39794362412 XO1-b_z_20250602_045843s 2460828.7119847
544.059336381264 540.8773296457304 -13.623668647986733 -18.232024651150596 3.3316791227593967 121.7471461557434 -18.411417480887394 -245.5133073235229 -272.87681155462633 -376.90572498732945 -246.45701139515586 -259.02676345840155 -254.70114841049508 -318.19549284251116 -312.20047659981356 -359.7208510101482 -457.9667935127072 XO1-b_z_20250602_045953s 2460828.7127945
511.2488134784561 658.0242510334707 33.48522422892205 80.72345415391874 153.58649852889903 321.2459755509544 575.4335430468418 977.517771738987 1621.6812665325342 2939.3907633306917 6228.991894340274 13559.564245079862 23636.56432429367 32564.315830886328 37390.96097034948 39755.54508389326 40984.95466924083 XO1-b_z_20250602_045953s 2460828.7127945
415.77108012376226 250.35115535123168 24.595593354868925 91.56079145621447 269.76819346959746 1240.706183230931 1794.6462816946005 2387.2020485900575 3577.1434586670075 5788.08893424891 10537.00715498675 22967.070449531842 48338.28831158316 79749.01301209803 105266.84771668818 119463.11620807221 125636.87645738789 XO1-b_z_20250602_045953s 2460828.7127945
544.0941238982107 540.9063443473126 -24.590346645701914 -92.11203138565588 -94.37341366680903 -112.6460631701284 -168.4472670362993 -211.4199737671861 -336.2856946080392 -490.7512414385492 -433.17677017629103 -462.5232611732936 -374.27381854937266 -350.21265907227644 -469.26982191577554 -465.99211521721736 -384.58821091914433 XO1-b_z_20250602_050102s 2460828.7135978
511.1729787544441 657.8587177377341 50.91853025926008 205.44928482592786 332.38836392567873 525.7396464124013 735.5047975349662 1212.1284372713162 2113.7816088161744 3758.935143446288 7628.091919434988 15568.32361888481 26586.61755782379 35764.06222595413 40256.568621267405 42359.62269030603 43337.826650071525 XO1-b_z_20250602_050102s 2460828.7135978
415.57768261567844 250.26787186552954 36.91841083250864 223.2496906345773 476.0067089109334 1498.6748730860627 2401.391292217946 3283.0883013798048 4593.058961056158 7213.964388972105 13587.718824498894 29572.337890488554 57893.091412773654 91511.70857832539 116125.54430421517 127632.22410748867 132773.29276304922 XO1-b_z_20250602_050102s 2460828.7135978
544.1693139323406 540.8619444826742 -3.325046852343121 13.811327986371452 -30.34350879854719 -58.48922075255814 -192.92456077303723 -417.9176225348874 -754.1975780044668 -1090.6190480595433 -1237.3056052118736 -1440.4324615153673 -1482.7974957694096 -1565.9583974670168 -1462.140001603635 -1653.3326967317553 -1519.0775653888704 XO1-b_z_20250602_050212s 2460828.7144086
511.0083759617277 658.6841907511503 52.306087117292634 246.6444396128286 577.1492857182434 1219.9108626039397 2443.7725490933462 5810.971034825538 13462.018743927787 23850.424710702406 33229.0643895616 39217.11888395975 42178.21301689104 43477.83521950599 44104.38288353876 44529.215759831626 44938.30374180977 XO1-b_z_20250602_050212s 2460828.7144086
415.3099385729166 251.70145741406014 106.10077715543002 440.46348027843806 1150.4140745465988 3254.8638132834494 6540.614551332192 14648.331664182651 34513.3022704656 65826.21146323576 96447.10638769245 117879.63444900876 130117.51849969312 135648.35289522528 138511.77713337817 140233.31519318686 141329.0466071124 XO1-b_z_20250602_050212s 2460828.7144086
544.16697773003 540.9097117484224 3.039526249518076 -48.51865630153611 -150.00410124805558 -239.6866482972764 -220.6355881395193 -263.42121859380495 -344.0434122509141 -444.14970340982836 -596.0514269138075 -600.631848115263 -585.1695441943593 -784.1922550448653 -671.2903429505968 -303.3155373955815 334.2593043911329 XO1-b_z_20250602_050323s 2460828.7152228
510.9938146381218 659.2097408930646 90.20114967941436 359.9218325448496 947.8088014163131 2527.344448624641 7243.858883126877 17711.859167426002 30255.13973808481 38976.530380405056 43013.50733574221 44726.495596751636 45607.604680909106 45955.968786312194 46171.30467782146 46498.560070074804 46818.715458499224 XO1-b_z_20250602_050323s 2460828.7152228
415.2260438048878 252.55265877339377 233.78223939152696 1036.5487166654477 2796.3502466025993 7937.071221453868 22356.352602085903 53537.0696460646 90887.00875325619 118726.58478171813 131748.99545523897 137487.2842661281 140504.46411059238 142469.36601683762 143693.59539023438 144421.96688589413 145071.467931373 XO1-b_z_20250602_050323s 2460828.7152228
544.203071504367 540.8006846258961 -20.914945496276744 -19.769087120358108 -51.50291733530821 -42.77500472106112 -71.14535575675109 -171.50341618121274 -310.92268212463387 -622.5704362631914 -801.0298844752688 -813.2578211067812 -886.4542930453244 -974.9885810735213 -897.8343694713112 -982.1715166804497 -599.0299258571467 XO1-b_z_20250602_050433s 2460828.7160406
510.87181587927546 658.7444984438418 65.15946983249802 267.47014408272867 717.158651493407 1762.956873693768 4371.223452180804 10629.234546757623 21949.64261390433 33998.07334126488 41755.9169731634 45470.117291681534 47302.90741274841 47969.4827569155 48508.15002745896 48976.55231337066 49159.76507676038 XO1-b_z_20250602_050433s 2460828.7160406
414.99444097982916 251.88405355731658 205.10539539423843 885.0116486170994 2205.945441056187 5434.9059894840675 13831.78532699925 33378.31191315004 67052.45699501893 104103.01778880865 129219.67000661991 141021.2633142735 146618.98502025273 149648.3548605896 151564.30403371045 152670.95493468878 153401.143188373 XO1-b_z_20250602_050433s 2460828.7160406
544.2656186922765 540.792265188322 -22.35057036922575 -97.83444359459395 -241.44068751488248 -280.4511007176852 -248.88440076840925 -221.45230632831954 -348.7111324734615 -513.6261949497166 -582.182217935795 -770.6529463062907 -856.6781982980829 -897.0940338081782 -713.3254889652089 -295.81599489257496 377.4487141564314 XO1-b_z_20250602_050543s 2460828.7168435
510.5926477207474 659.3390328972888 210.116002739659 1063.2689335380458 3592.9619199796143 10646.588347950434 22532.546674059617 34558.60421196504 42393.60886309565 46269.935329507396 48203.95110182193 49142.71790034371 49533.284030157236 49664.58330041588 49648.474167153465 49724.50917435538 49654.51344482646 XO1-b_z_20250602_050543s 2460828.7168435
414.61748675274316 252.81837265339456 771.9201880369689 3927.6617333843055 14064.26771028383 39617.81111179683 77365.37036804673 112558.68614471833 134736.63796235723 145367.95329031866 150596.01382380174 153776.4382777698 155917.5971015661 157290.71185648727 158354.440630928 159017.5037947217 159642.9017941262 XO1-b_z_20250602_050543s 2460828.7168435
544.4164699710359 540.7047134879459 -30.502010351611546 -78.8487984382034 -46.00941630956595 -74.7872041362607 -47.65486081612835 -104.58650272753948 -276.9309320435859 -308.699282722926 -112.31840781440405 -22.808237036893843 25.604136526300863 322.0778709664155 993.5663912113596 2203.3675905192504 4338.751321648611 XO1-b_z_20250602_050653s 2460828.7176553
510.18179071582625 659.9065356281004 1760.6740550240406 8996.399789642592 21965.06783746712 34791.53081105485 42883.81508597292 46852.30370862031 48933.325935428926 50105.79643058386 50916.95737831603 51438.763917399294 51744.41422955759 51885.646174029695 52202.94207931516 52386.601543715646 52426.51901447309 XO1-b_z_20250602_050653s 2460828.7176553
414.0013763078067 253.63904553112636 9525.615240900854 40635.81447972658 83175.24222399059 118202.88979498256 137386.5796662234 147280.9695474874 152517.0639197369 155789.69833941484 158105.04790900505 159697.54145143103 160967.2224250205 161908.4682034112 162834.9810358706 163303.48721075343 164024.74809558847 XO1-b_z_20250602_050653s 2460828.7176553
544.4672115809113 540.6603111179177 -9.874245075524527 -42.176127542344375 8.435072592590586 -60.45615775704664 -141.38958457802073 -208.52523952592674 -378.33044536981106 -502.7735003230009 -471.622561908498 -267.67401893184433 -5.2984037640781025 258.1940898781904 836.0965422575391 1791.3143112936232 4055.117288217589 XO1-b_z_20250602_050803s 2460828.7184714
510.2317151209302 659.8805671595926 1558.396611302442 8055.023082511977 20651.33277979688 34177.87970873339 43021.86983572193 47604.64177333097 49940.22179275843 51177.03601916897 51897.326972815106 52546.01386875837 52802.47035315053 53078.858685704276 53287.437967924474 53467.36268450193 53434.05757199305 XO1-b_z_20250602_050803s 2460828.7184714
413.9886175319374 253.6556473797434 10066.826434156568 41967.717982797854 85255.43558998003 120585.22120580591 140230.11323317362 150564.01443930142 156112.83224347277 159456.99790937224 161768.25014796673 163559.9953079057 164766.90851182415 165625.43882711857 166346.04388801102 166812.33824387676 167262.8978444981 XO1-b_z_20250602_050803s 2460828.7184714
544.5048662502053 540.6923445589503 -28.350620194790622 -94.92331293013558 -145.97894598757603 -274.88505137309585 -305.37396602136687 -330.51259871041293 -376.78127571046207 -495.42331858117905 -479.46051511664336 -490.15985991986236 -475.6373536535175 -68.77130774655234 586.9076894909886 1773.309452047397 4091.5892641461396 XO1-b_z_20250602_050913s 2460828.7192799
510.1058923547008 659.896698833045 2467.1936893569396 11645.569730782185 26392.564518334682 39448.799665583625 46793.88017247268 50514.847645155714 52402.5970182188 53570.333203769944 54333.72745580832 54857.94594286088 55177.61283738326 55523.193537434585 55820.750627699046 56001.57399730102 56185.77006737214 XO1-b_z_20250602_050913s 2460828.7192799
413.87222791116574 253.75525730912017 14588.307069017928 55453.14662905367 101537.18026719292 132364.8942761555 147703.77883580176 156079.49405396637 160914.42077490807 164006.02121187205 166037.2386331339 167513.95107922363 168584.8436205439 169540.20544208624 170186.9475236126 170657.54656524805 171047.08690980123 XO1-b_z_20250602_050913s 2460828.7192799
544.8980083350467 540.3882673140607 -20.158326907571507 -97.89630265503456 13.98752593743393 -56.73249866189508 -96.87467599670344 -146.12812066705555 -123.771452151017 -53.475712412957364 91.50484799737023 400.07472201685596 765.8002331663229 1380.4850872806273 2411.975972558648 4772.090980627225 9986.065618993132 XO1-b_z_20250602_051023s 2460828.7200915
509.7133379202914 660.4132356793888 10185.906762352977 28215.22744281194 41129.89238469407 47976.04161689517 51402.51363770188 53315.137340800255 54568.423845075944 55288.248393911126 56095.69721033977 56705.17672999582 57063.4936130708 57408.05940805956 57597.413880516375 57680.63199373378 57993.451903465946 XO1-b_z_20250602_051023s 2460828.7200915
413.2479114945954 254.52402492302204 32149.098751152782 89010.49634518365 128016.06587285115 147011.2212808001 156612.56443139864 162484.74587817598 166732.99855047822 169601.65195811918 171686.17401605335 173209.15379263763 174471.81476098768 175540.70378713746 176507.7266141419 177480.17774734282 178210.799767061 XO1-b_z_20250602_051023s 2460828.7200915
545.1638127798616 540.1071043074769 -28.819701057916916 -29.472429599006546 -61.288502946686094 -84.60619156109897 -22.038509870195412 34.16044060265631 7.702907102775498 51.35483523826406 308.7183344138866 530.641644317242 976.1915112486458 1558.2559074984165 2695.825396445369 5127.4408257705945 10721.826359132145 XO1-b_z_20250602_051134s 2460828.7209106
