reduction_output/HAT-P-36 b_photometry_master.ecsv
# %ECSV 1.0
# ---
# datatype:
# - {name: xcenter, datatype: float64}
# - {name: ycenter, datatype: float64}
# - {name: flux_r1, datatype: float64}
# - {name: flux_r2, datatype: float64}
# - {name: flux_r3, datatype: float64}
# - {name: flux_r4, datatype: float64}
# - {name: flux_r5, datatype: float64}
# - {name: flux_r6, datatype: float64}
# - {name: flux_r7, datatype: float64}
# - {name: flux_r8, datatype: float64}
# - {name: flux_r9, datatype: float64}
# - {name: flux_r10, datatype: float64}
# - {name: flux_r11, datatype: float64}
# - {name: flux_r12, datatype: float64}
# - {name: flux_r13, datatype: float64}
# - {name: flux_r14, datatype: float64}
# - {name: flux_r15, datatype: float64}
# - {name: flux_r16, datatype: float64}
# - {name: flux_r17, datatype: float64}
# - {name: flux_r18, datatype: float64}
# - {name: flux_r19, datatype: float64}
# - {name: flux_r20, datatype: float64}
# - {name: frame_filename, datatype: string}
# - {name: time_obs, datatype: float64}
# meta: !!omap
# - {date: '2025-06-12 22:00:42 UTC'}
# - version: {Python: 3.12.9, astropy: 7.0.2, bottleneck: null, gwcs: null, matplotlib: 3.10.3, numpy: 2.2.5, photutils: 2.2.0, scipy: 1.15.3,
#     skimage: null}
# - {aperture_photometry_args: 'method=''exact'', subpixels=5'}
# - {aperture: CircularAperture}
# - {aperture_r: 20.0}
# - {sky_radius_in: 20}
# schema: astropy-2.0
xcenter ycenter flux_r1 flux_r2 flux_r3 flux_r4 flux_r5 flux_r6 flux_r7 flux_r8 flux_r9 flux_r10 flux_r11 flux_r12 flux_r13 flux_r14 flux_r15 flux_r16 flux_r17 flux_r18 flux_r19 flux_r20 frame_filename time_obs
[from data line 107]
388.34800228922853 797.7443396492729 2503.4268475571216 7790.901040366533 13918.203469909502 19256.259555863395 22687.64928680364 24691.878545320902 25862.751115254556 26609.58613571948 27234.476610480917 27579.28229466341 27845.23818741049 27935.767934785617 28079.99451351713 28170.414989967976 28326.551903725558 28411.40391582824 28537.761509653923 28553.50441523301 28706.26404813057 28619.133257863577 "HAT-P-36 b_z_20250604_050621s" 2460830.7137231
508.8120302116017 498.7784380281288 1545.5418978480175 8172.248000113161 23230.772343506593 44104.225602865285 62004.876696708976 73210.52194307142 79801.44533676318 83940.2499568988 86831.31845603272 88790.77699201729 89989.78444960891 91001.78263581944 91712.21337455144 92301.87296737752 92430.59627954334 92594.90796742811 92934.41030432357 93119.97233416143 93266.96676122575 93125.20236078606 "HAT-P-36 b_z_20250604_050729s" 2460830.7145135
455.51909109589144 378.19476021332116 1544.6348341203493 8418.229973614887 24979.160898404192 49979.94219636977 72909.68747313828 87558.9547045968 96104.80723433295 101532.6090088187 105189.24535253471 107713.86574851783 109504.90537420835 110920.24423447376 111960.46172064611 112678.94195440809 113212.57535992555 113640.9411345029 114117.61323080226 114465.48561434184 114838.64527440534 115127.48357321447 "HAT-P-36 b_z_20250604_050729s" 2460830.7145135
388.1419920806157 797.610504309963 2199.5231615396906 7576.292362181852 13956.502808671277 19876.988385645367 24057.74087890573 26398.060507356207 27795.58618483851 28760.162233013958 29315.758379087114 29716.744194183353 30093.14144109044 30387.596706460536 30605.84185221819 30745.908326010816 30820.145226307024 31008.612813725806 31042.54916573825 31208.061677294027 31178.308884005033 31122.54916994559 "HAT-P-36 b_z_20250604_050729s" 2460830.7145135
508.73425349586694 498.8220164991387 1748.376265047841 8347.260122995069 22028.04470045227 40442.00165358272 57338.619066683634 69416.30464135871 77181.19567835689 82173.22307580095 85583.49825249903 87947.43846276613 89596.90214236299 90920.50750519997 91900.14287723402 92787.37022643912 93666.82173939933 94230.63668591429 94684.50296193665 95062.47530395038 95518.97165931517 95635.0874548775 "HAT-P-36 b_z_20250604_050837s" 2460830.7153025
455.434707111329 378.2833147724102 1852.4630815187993 8921.704341851426 24255.04321849798 46065.89453162598 67229.3534172973 82378.41533374731 92170.31385896626 98668.76325783067 102982.96815554248 105856.5292685607 107878.40202559359 109472.38775581973 110594.10547625658 111482.77983939604 112264.03994272905 112826.49064428278 113289.64790524042 113821.8479633356 114235.9113609698 114295.62374814626 "HAT-P-36 b_z_20250604_050837s" 2460830.7153025
387.9776607835471 797.7725948322428 1572.065721080477 5680.456839821544 11210.199849164903 16981.888823155754 21840.471559616086 25114.683797745245 27176.293214570207 28441.548909459663 29219.049464819087 29781.483967332402 30109.9738684548 30341.322199414826 30576.02466673749 30694.84235986162 31806.001097277345 33272.62279008777 35205.84794579435 36329.71464790005 36942.892782292445 37524.67261714314 "HAT-P-36 b_z_20250604_050837s" 2460830.7153025
508.9744781551022 499.48251875013034 3301.5574029033505 13712.789843682896 30031.668979960476 47615.61958992047 61922.761422367585 71675.15884006098 78110.00589215454 82340.77259090194 85171.22432254037 87166.42527123095 88686.65143502917 89790.66087608103 90504.0796474766 91131.2990096309 91492.28827868012 91830.78470928533 91904.37584618441 91931.29206299507 91991.48481021752 91978.73163706463 "HAT-P-36 b_z_20250604_050945s" 2460830.7160905
455.69561293253446 378.9611008219241 3693.64870311878 15705.228475796133 34914.64096169423 55909.35151020939 73594.52847990052 85936.7926408762 94007.98582280701 99501.30892585957 103271.75233201624 105689.63963210856 107443.28076894081 108901.15834467878 110158.01702351272 111123.85668996625 111773.63663936174 112344.20816600896 112881.69013149619 113149.85451724862 113333.85936177021 113534.3120969756 "HAT-P-36 b_z_20250604_050945s" 2460830.7160905
388.19734287433886 798.0156811847244 1461.9046489084153 5386.216601368029 10621.385831317051 16106.275487856814 20783.608237683016 24248.057462535136 26581.122676120427 27915.846656617978 28693.93062509822 29352.08597218428 29715.803530328725 29840.780060343954 29803.714909062575 29964.894233341896 30118.07864489546 30243.829004227387 30281.439866618763 30567.086660081346 30657.54160760279 30535.90558428227 "HAT-P-36 b_z_20250604_050945s" 2460830.7160905
508.74458463298566 499.52782496952824 2937.131323949588 12164.515880926992 26695.965296589846 42725.024738432105 56708.4709300743 66967.50846122588 73971.88366894302 78393.09134030245 81577.57772994305 83846.02075314391 85451.91403040137 86747.40118973333 87728.52823363838 88582.40100533623 88960.03728789321 89512.2146660473 89840.00130689995 90183.77544922358 90464.2352601742 90417.12377304657 "HAT-P-36 b_z_20250604_051053s" 2460830.7168814
455.45321917765216 379.0506293523436 3323.3587134565205 14359.125482613215 32183.108134463004 51967.444686297626 68917.71442471555 81193.07181645861 89698.4027673091 95408.11306471814 99358.11906470465 102254.33335570601 104319.23707923993 105844.56795316254 107158.44167815942 108292.68509218105 109032.0164784757 109678.44163978618 110065.76992730025 110425.2194956016 110407.8813443447 110536.40638393836 "HAT-P-36 b_z_20250604_051053s" 2460830.7168814
388.11215324822496 797.9613268136856 1054.2709615108738 4140.6415903692405 8636.481932741777 13567.224957195314 18340.75217128825 22091.60711667916 24678.17487157658 26343.86359769631 27427.427589448453 28032.281986855392 28490.63737254215 28872.0031766865 29036.551017468533 29136.02039996421 29217.53638319773 29119.918192124213 29393.843218222668 29587.2131608981 29407.285458183265 29409.01107226801 "HAT-P-36 b_z_20250604_051053s" 2460830.7168814
508.7194936709723 499.4185259233558 1386.7325845657142 6473.007019625262 16378.937028328175 29685.741193910333 43346.732805388194 54717.89777830467 62808.20148448652 68121.93724788181 71483.95509338798 73855.34835959178 75486.51513565777 76761.58221357242 77904.6088883097 78388.66172566508 78859.63763188852 79209.99583679045 79444.33995825387 79848.52062210758 79930.65587369152 79868.78210337757 "HAT-P-36 b_z_20250604_051201s" 2460830.717667
455.3682468652228 378.8885410904517 1569.0946375574836 7630.0768772079955 19851.66082474256 36119.33153425376 52558.828465752944 65753.62413382049 75184.47021428871 81604.08035283184 85750.28266477592 88550.61326790653 90438.71981397984 91786.35215160792 92706.45608601627 93477.9927074246 94151.1425456252 94885.00270719064 95165.47440461494 95331.04465949198 95377.08604331219 95297.3407753295 "HAT-P-36 b_z_20250604_051201s" 2460830.717667
388.08921338081865 797.7440401427098 624.6087883293449 2922.7248369439403 6718.518742426324 11189.856116043185 15598.170607902177 19133.124429490796 21419.13675902049 22801.29153862498 23560.9065888095 23965.14909285405 23926.163373403804 24018.815588319485 23939.87437215126 23921.18181148087 23882.834416405647 23633.908210057067 23322.186409377144 23098.63574482425 22873.655685722333 22478.23938929595 "HAT-P-36 b_z_20250604_051201s" 2460830.717667
508.80951567866913 499.8183450565215 2468.032932358171 10001.223765778981 22379.55212674973 36497.36643679846 49154.33200570604 59098.8610267288 65951.96559696116 70383.06828869478 73434.73862929503 75625.66592334045 77161.00857927743 78267.61591948102 79160.43246728592 79871.35691656741 80315.94010172815 80873.62831312556 81392.02053210614 81844.87918229532 82347.85253776936 82645.87231417545 "HAT-P-36 b_z_20250604_051310s" 2460830.7184624
455.48691123631687 379.2976093064208 2936.313146126935 12355.561388311868 27465.9496974609 44278.7547157744 59210.99869005832 70707.3243367999 78821.40972041117 84481.14320410189 88031.98508083209 90487.78358952526 92239.08041725139 93808.25547411572 95191.69601032551 96408.00347147218 97171.9506809188 97481.80332588557 97836.98384151002 98211.76370502284 98526.82037020155 98629.45778301993 "HAT-P-36 b_z_20250604_051310s" 2460830.7184624
388.158930157219 797.9734618298237 667.6247060565379 2973.3907865534884 6825.57732740632 11205.025948896444 15410.181573299116 18916.690309454923 21301.090439930107 22772.271232636445 23598.349933702943 24211.829577900542 24614.010036198066 24830.895917208414 24858.488180293876 25000.135086047405 24975.82102702062 24983.193342616913 25086.798626758828 25253.40518600124 25277.2194824077 24958.638130706328 "HAT-P-36 b_z_20250604_051310s" 2460830.7184624
508.6916594942429 500.34294051768734 2554.7132324690465 10472.100981992151 22640.719431306108 36253.14647794811 48950.76415225651 59152.59850393403 66341.9630374056 70966.03276407863 74100.66020883844 76428.84331419379 78101.9583464736 79241.92675468579 80300.7173644748 81158.5063314366 81832.44920359123 82329.18960750812 82724.43376410427 83255.75743404342 83720.28107399412 84066.96831066295 "HAT-P-36 b_z_20250604_051418s" 2460830.7192486
455.33993078278706 379.8853084319212 3651.142571718585 14241.64534115361 29538.80865796366 46049.78539634765 60835.35204713512 72400.94264832186 80380.93802559373 85667.19082765955 89293.79755414519 91883.33492720393 93940.82880783764 95282.92919817258 96323.17688724502 97169.42334539603 97955.58482030463 98349.07790566943 98885.27277662166 99303.0131755576 99468.38495443514 99496.13748540176 "HAT-P-36 b_z_20250604_051418s" 2460830.7192486
388.08998893998 798.3591918534929 326.7461185547705 1418.4277983304598 3717.7311187907044 7227.3672392634935 11666.212381456051 16181.938069459236 19739.7895601023 22158.310707378307 23612.598441025228 24603.14085840824 25228.027829542065 25851.907815872954 26288.03966387789 26560.701509035876 27028.25448481983 27230.24525843443 27297.808653061104 27221.244201683498 27132.050455667486 26990.25402123612 "HAT-P-36 b_z_20250604_051418s" 2460830.7192486
387.96159087915265 798.2487743427124 274.8162167852937 1366.8117440276396 3525.9308153668626 6630.665213519036 10488.815290780085 14530.338703059548 18236.362650727333 21009.937370767148 22965.913028809795 24267.56012058777 24924.663862997266 25366.390639970123 25602.535403875445 25768.399014166862 25850.514831466906 25808.895824898587 25757.40661868028 25923.892779339687 25655.550475322816 25377.84442758211 "HAT-P-36 b_z_20250604_051526s" 2460830.7200349
508.53072197528013 500.33129683895896 2359.511515162315 9063.27499125486 19300.317233556685 31376.182150148383 43384.503849941095 54143.80303551431 62459.29300013314 68322.74885095039 72242.93093705637 75088.56495056211 77006.92575517256 78339.47542756044 79526.20664834796 80578.23738756288 81424.52802422618 81869.27565234673 82304.0581706102 82816.45079670078 83178.44658838632 83330.34458017928 "HAT-P-36 b_z_20250604_051526s" 2460830.7200349
455.20703178168674 379.8547956843473 3306.3930451815345 12584.012258601362 25783.163053113807 40725.962297875594 55329.65372033519 68094.58847027694 77765.80825934246 84584.02991211327 89093.09179122356 92197.87975132615 94468.8145472977 96218.55506684784 97755.87903568076 98965.2339333376 100027.76628541065 100752.12683523653 100988.84945181271 101138.37450994048 101401.58760159364 101769.446103909 "HAT-P-36 b_z_20250604_051526s" 2460830.7200349
454.7936460475684 379.5151543900448 4075.518109919875 15839.808918994988 33045.01929463185 52103.16574916741 69275.55996091511 82121.52568599852 90927.59202230175 96934.39321555302 100881.2679831433 103623.55288184473 105813.47991497722 107478.9787001669 108600.19540467995 109309.68408837439 109962.03689057399 110316.13877415932 110615.51170805766 110919.3289427213 111167.50035117727 111371.19645967774 "HAT-P-36 b_z_20250604_051634s" 2460830.7208309
387.7295305948769 798.2952411363635 300.2452055899832 1383.6091150712393 3590.9892941127487 7138.173678164875 11785.04623418318 16702.917131273156 21070.597016432377 24384.01041560004 26305.424547455674 27496.577572822353 28354.605026034827 28852.389750749957 29286.177163027183 29621.96035744471 29879.607454508092 30175.349769994195 30393.358161167314 30729.181927232537 31007.46083481735 30960.10556008239 "HAT-P-36 b_z_20250604_051634s" 2460830.7208309
508.1417508050389 500.0018108685069 2867.797712542431 11264.336682388981 24367.483673443443 39928.80371235804 54668.22545173341 66079.70364546229 74108.68215221353 79406.45617931972 82876.25272824899 85295.06301814855 86839.64479336239 87934.91704525464 88774.91009830646 89318.37412380555 89697.26909831609 90153.45305197492 90294.06200271702 90513.79249505688 90732.22672910962 90706.21412328252 "HAT-P-36 b_z_20250604_051634s" 2460830.7208309
508.4600839822074 501.2049752338396 1502.6257904466688 6393.30477642335 15195.96789949579 27816.8689382708 42655.552461326195 57248.7283003465 68165.50532881642 75593.4371597487 80225.74559824311 83286.1436098105 85555.87445242354 87036.03573076904 88192.08837752417 89037.99022429716 89777.934710319 90501.77558692689 90932.9110671244 91375.95803577412 91938.14899913431 92284.67077777925 "HAT-P-36 b_z_20250604_051743s" 2460830.7216227
387.91568054081137 798.9076476842502 198.33992943249393 781.6967555923975 2000.0974566596938 3789.3386169516216 6404.992674453568 10210.752021172344 14791.833137611418 19262.62865222306 22817.209718645412 25054.67611491435 26453.122056986715 27403.62086112916 27881.171785141792 28323.225568260867 28514.643058529167 28804.220997488766 28913.10025153817 28797.01279890706 28862.793056892988 28832.14188285239 "HAT-P-36 b_z_20250604_051743s" 2460830.7216227
455.1296917553474 380.8379105037843 2101.8051266446996 8740.850517592131 20487.21575917032 36743.78382727931 54960.85817843081 71341.05430396138 83458.12463453857 91690.78147906778 96884.45720933206 100521.88207109517 102872.80388782776 104645.46882049012 105929.62587037211 106976.61745030269 107875.20864478478 108601.53266257557 109049.36311181696 109167.79503617648 109336.01614774021 109425.09474935691 "HAT-P-36 b_z_20250604_051743s" 2460830.7216227
454.9361467610309 381.3736128520742 1267.7195947043967 5379.459824860685 13212.10608920782 24969.402067875373 39586.96058802024 55379.14639198547 70899.26130734895 83996.35146581403 93199.72724566521 99053.86259245592 102799.94936635261 105345.147917731 107142.83292886801 108602.15411934278 109767.83582840367 110729.9337161663 111237.36743619657 111650.58805169111 111803.03834548466 112013.03403316243 "HAT-P-36 b_z_20250604_051851s" 2460830.7224189
508.24666696653986 501.7048960991326 871.8493369692039 3853.143618713433 9599.742423112795 18633.418114722695 30209.4135958654 43145.183909544234 56274.96105504324 67571.51584575063 75658.7575938196 80837.33191884533 84224.57537103671 86499.57051882069 88277.41466654949 89467.35861415637 90413.68148320954 91122.8762833253 91772.5968037147 92304.16046146852 92815.60962197871 93020.56324199287 "HAT-P-36 b_z_20250604_051851s" 2460830.7224189
387.80640275391994 799.1840398258134 112.31535759418466 530.0190887686863 1189.2615751685944 2317.2599757034604 4076.0161544340335 6891.217210892741 10768.858973756138 15254.451993223178 19432.85834559185 22962.310573436815 25372.450233061114 26654.701402871826 27338.042086680012 27503.159245690258 27625.392380226578 27911.919996857818 28089.981104419392 28266.23963360433 28364.595986392465 28112.627895092242 "HAT-P-36 b_z_20250604_051851s" 2460830.7224189
