reduction_output/HAT-P-36 b_photometry_master.ecsv
# %ECSV 1.0
# ---
# datatype:
# - {name: xcenter, datatype: float64}
# - {name: ycenter, datatype: float64}
# - {name: flux_r1, datatype: float64}
# - {name: flux_r2, datatype: float64}
# - {name: flux_r3, datatype: float64}
# - {name: flux_r4, datatype: float64}
# - {name: flux_r5, datatype: float64}
# - {name: flux_r6, datatype: float64}
# - {name: flux_r7, datatype: float64}
# - {name: flux_r8, datatype: float64}
# - {name: flux_r9, datatype: float64}
# - {name: flux_r10, datatype: float64}
# - {name: flux_r11, datatype: float64}
# - {name: flux_r12, datatype: float64}
# - {name: flux_r13, datatype: float64}
# - {name: flux_r14, datatype: float64}
# - {name: flux_r15, datatype: float64}
# - {name: flux_r16, datatype: float64}
# - {name: flux_r17, datatype: float64}
# - {name: flux_r18, datatype: float64}
# - {name: flux_r19, datatype: float64}
# - {name: flux_r20, datatype: float64}
# - {name: frame_filename, datatype: string}
# - {name: time_obs, datatype: float64}
# meta: !!omap
# - {date: '2025-06-12 22:00:42 UTC'}
# - version: {Python: 3.12.9, astropy: 7.0.2, bottleneck: null, gwcs: null, matplotlib: 3.10.3, numpy: 2.2.5, photutils: 2.2.0, scipy: 1.15.3,
#     skimage: null}
# - {aperture_photometry_args: 'method=''exact'', subpixels=5'}
# - {aperture: CircularAperture}
# - {aperture_r: 20.0}
# - {sky_radius_in: 20}
# schema: astropy-2.0
xcenter ycenter flux_r1 flux_r2 flux_r3 flux_r4 flux_r5 flux_r6 flux_r7 flux_r8 flux_r9 flux_r10 flux_r11 flux_r12 flux_r13 flux_r14 flux_r15 flux_r16 flux_r17 flux_r18 flux_r19 flux_r20 frame_filename time_obs
[from data line 142]
508.13843272429284 501.5240530631415 876.4917704641463 3940.9743969447395 9762.650655890719 19035.9545502216 32123.24195286412 46997.52424496308 61104.60805095383 71471.60180191475 78161.92875520374 82038.85877813667 84758.56406231868 86493.87883453415 87685.51736007881 88699.19814140325 89486.5587913544 89942.9354794482 90196.64693657373 90656.17814221064 91068.69626357619 91312.17082037518 "HAT-P-36 b_z_20250604_052000s" 2460830.7232037
454.7691911316358 381.11592847875374 1290.4606912047432 5583.457739912833 13608.508180898747 26456.636328400164 43163.45971369566 61541.38310929509 77812.26202423486 89387.97849511847 96519.90462593989 101079.56902812663 104179.37775947338 106455.36987702831 107948.35150444682 109028.87483338517 109713.89618469568 110206.9690837162 110700.69281780694 111114.15085279389 111705.5292509649 112145.90638017806 "HAT-P-36 b_z_20250604_052000s" 2460830.7232037
508.4373549325121 501.91442537257984 529.0832012031676 2297.6467240605343 5968.652591028024 12509.719506588612 21921.88641470801 33104.64791437934 44991.63783310031 55844.49247348175 64222.92391962043 69739.64546812029 73414.43550862868 75672.78507336562 77378.50710778692 78733.61685686797 79675.07505913246 80110.89437513798 80440.09600805314 80867.77633472448 80992.03333335661 81142.91625285693 "HAT-P-36 b_z_20250604_052108s" 2460830.7239984
455.0258312407443 381.6832571483718 695.0157291179257 2910.1660199775415 7376.799169848016 15305.306463579189 26894.96503759679 40719.96039405778 54879.30279531158 67849.43444699488 77734.15133220844 84691.398564927 89213.83019804949 91874.34322787845 93823.4638791087 95321.56098655632 96443.28052780662 97076.10165845243 97503.24324631658 97883.89188730015 97874.72130870953 97661.90327513008 "HAT-P-36 b_z_20250604_052108s" 2460830.7239984
388.0357041775612 799.0329225908865 61.90137740811042 241.8707044093685 749.6321546681647 1644.7780722984135 3014.188594939782 5293.470044568767 8466.774704524956 12450.215439992258 16543.17497284661 19825.25507039338 22405.89458619918 23837.15466809309 24627.220874602208 25185.415054663667 25446.185132499857 25628.36570776842 25786.58124006624 26078.55750709807 26267.37695544504 26222.367142168834 "HAT-P-36 b_z_20250604_052108s" 2460830.7239984
508.40576339453645 502.6066339534845 315.2064148543049 1419.3655835244024 3530.7939987092154 6987.110294944695 12704.82525746983 21009.487752898523 31887.662530873597 43398.00072510817 54701.07240837914 64083.08307393611 70382.18095991682 74470.99361815889 76969.64135811043 78659.51561299528 79861.06476722768 80499.44883179788 81216.40723973671 81772.79425700655 81997.16186572314 82553.40327480761 "HAT-P-36 b_z_20250604_052217s" 2460830.7247884
455.0027980767183 382.3871173919698 403.6336490946449 1728.542834361214 4213.7513704421635 8814.403890960024 15964.703695814298 26663.66049806823 40038.67759505096 54191.31091601502 67632.23094515578 78362.85709359459 85496.52718539254 89936.93948550464 93084.8561113517 95370.29236334625 97113.93288641794 98439.46517905431 99287.89666516369 99485.2465938798 99779.79209445234 99979.2187610426 "HAT-P-36 b_z_20250604_052217s" 2460830.7247884
387.966137214885 799.3686632220268 69.74071482677749 287.1595285370811 556.5457868473995 1062.3683971744385 1921.8642653467268 3383.9593921561464 5252.787838945078 8204.210784505518 11931.300492149428 16050.8714496463 19732.421085951704 22322.58644918879 24054.314829840587 25119.387595005857 26171.214826890777 26764.792855218213 27336.25511415777 27821.307480082265 28108.888010570372 28348.643270418426 "HAT-P-36 b_z_20250604_052217s" 2460830.7247884
508.0324243068016 502.82457980577703 159.39762696355353 632.8832984932769 1545.9461887584457 3285.9574702216087 6348.505287823118 12519.812950328433 23104.13396890199 36314.998098003176 49990.23026907741 62799.1744380617 71814.76086553396 76760.57954690028 79524.6711735142 81171.64563723786 82173.01383559268 82881.75727698766 83253.2844372067 83831.95158849211 84481.68215892761 84856.83515027992 "HAT-P-36 b_z_20250604_052326s" 2460830.7255855
454.6752051101288 382.61598622143975 199.68054620313933 876.3631295967857 2117.8528441817025 4314.730738914801 8560.437353358631 16744.35134007227 30572.4894268695 47076.917453018585 63539.82404626623 78196.39748796597 88041.10022658511 93433.52088731101 96355.53653438222 98003.26685723246 99304.2999895197 100323.14303014046 101110.58776861886 101502.86696712603 101382.27029279878 101592.64644913629 "HAT-P-36 b_z_20250604_052326s" 2460830.7255855
387.8103769036992 799.5436366927914 58.35515620633305 252.71672221040217 402.313589374201 693.4154264836325 1218.7945863270543 2068.681170250762 3331.6165154927367 5572.811117415586 9485.865220025458 14366.22689817522 19228.125522349277 23115.955871089085 25490.93548189613 26473.38205252154 27176.717586404862 27500.61001334613 27750.099243369652 28054.113860404148 28352.791179521708 28445.392604567984 "HAT-P-36 b_z_20250604_052326s" 2460830.7255855
507.914656152457 502.36690537572355 265.19953191265165 1089.5708450215193 2691.237228312137 5635.2162186470505 10635.939769625133 18426.778896569776 29176.462693349546 41423.37538740001 53324.822326375725 63787.32280804192 71580.18269295627 76559.76659744486 79722.42416812257 81991.49111383298 83349.635424064 84415.85660895033 85136.02711761999 85684.62965523565 85800.02588277007 85892.38268958763 "HAT-P-36 b_z_20250604_052433s" 2460830.7263689
454.52670730389457 382.1268458654506 319.31721833154023 1377.1532589088167 3479.462131774488 7247.05682073007 13795.342049107148 24080.938200614655 37484.54613687356 52332.15137481397 66856.09525430213 79334.95233021643 88346.879818228 94103.44771607322 98125.5929591616 100726.75093454393 102314.31822344681 103606.21015156632 104466.98815215452 105177.99498375096 105521.28657817762 105815.30882007402 "HAT-P-36 b_z_20250604_052433s" 2460830.7263689
387.6492017744957 799.410794911291 64.68570078057678 160.2624331259958 402.08576743442245 913.650451572039 1560.6418313718896 2709.2851433040196 4584.645060941897 7250.036844839735 11111.553708286563 15446.849294826789 19716.210628038716 22982.121169525577 25225.280792391844 26531.418176284773 27282.10252802467 27730.04443324273 28038.981993725814 28255.519962130464 28459.502849745826 28502.853644365503 "HAT-P-36 b_z_20250604_052433s" 2460830.7263689
507.86422406758317 502.9234642267262 134.4707032713717 672.4993817444665 1673.3866506408222 3393.374512239923 6331.479814397158 11070.219077455502 18556.28847999691 29197.385403970206 41775.79198766285 54013.4669345107 64545.44554884249 72067.53419003416 76699.11693131711 79584.61877161814 81405.19931309235 82651.33360190308 83434.09599906737 84057.26640739266 84542.32474204284 84957.18777571103 "HAT-P-36 b_z_20250604_052541s" 2460830.7271565
454.49578884660014 382.74634603993815 243.2711786363563 995.6829097270527 2300.7963070060437 4536.381921219528 8185.230802974253 14234.822015450818 23449.042804932717 36600.104365635576 51928.82252743709 66712.29373375313 78811.50660245583 87354.13710034551 92731.22654488588 96026.13679520655 98132.88836680683 99699.48845055634 100552.23713567427 100889.36717353956 101405.78650082473 101637.01872157792 "HAT-P-36 b_z_20250604_052541s" 2460830.7271565
387.7060255466365 799.5812336392347 9.342622501026256 153.72451114691262 367.07559608485553 653.3512700804258 1115.1722952506352 1841.6425040193717 3027.6119139059665 4797.712538413656 7503.133117569385 11372.909085698237 15627.131646372858 19639.660397834217 22491.087321388084 24071.21088244101 25101.55988166065 25661.850056615178 26257.076725969033 26338.762343896757 26580.85247482985 26616.66950986514 "HAT-P-36 b_z_20250604_052541s" 2460830.7271565
507.9131636149282 503.49936350580134 106.99117724065673 334.72398960597593 895.8852193443927 1829.7446169704453 3218.181146183253 5561.719069729359 9485.584847597373 16017.633852537874 25718.291770244206 37850.4425874401 50131.559883764974 60935.279296174456 68836.51627838025 73441.66871835552 76071.7906243022 77698.4169215168 78628.04964876705 79499.92165084291 79936.83514073378 80464.44941147583 "HAT-P-36 b_z_20250604_052649s" 2460830.7279407
454.5042646500247 383.40316305965086 148.93206268833285 543.1079929303378 1169.2366393242364 2100.970814206057 3757.6339979162367 6715.29737482519 11519.66734613798 19484.627922401538 31408.625350651462 46269.20199326449 60803.35914762042 73676.89618366245 83085.59521927437 88895.81786383541 92339.92449951265 94409.50540546022 95770.31810473069 96778.78333235247 97340.66383404666 97882.37259280891 "HAT-P-36 b_z_20250604_052649s" 2460830.7279407
387.7555972431891 799.7594504165527 6.887357529631345 73.36792149963185 160.67531662652982 361.8961423585961 492.32206628243875 887.3063475101226 1416.5483687946034 2346.010869512924 4018.335624670559 6695.319620910697 10551.652274174405 14911.88472630737 18823.831885677166 21775.39459104104 23374.386459632748 24191.83635111648 25222.194849399006 25846.221876736498 26032.58085347127 26381.263374521135 "HAT-P-36 b_z_20250604_052649s" 2460830.7279407
508.0880123292426 503.37976152145706 116.5053506770659 392.81214584761733 994.8176668190354 2077.3433805531595 3794.9551440930427 6543.90104135927 10760.803110912493 16859.66884304024 25023.18166429174 34699.099009662794 45156.06082368252 55165.81758277645 63131.92724147599 68269.34519758995 71537.30982387911 73597.13049719694 74760.00392746966 75613.37991146895 76082.36311914684 76568.99360238836 "HAT-P-36 b_z_20250604_052758s" 2460830.7287355
454.6433130694702 383.26101560645714 93.05263299464161 448.67231722107545 1200.0666310137244 2429.965841238167 4386.8719287918175 7609.695191009812 12750.285662252852 20442.488401038216 30479.379593237056 42658.884199229615 55178.053083362356 66849.05145543593 76210.55666719754 82126.43778992452 85929.51823339653 88339.92530749372 89928.70262882284 90966.35062122077 91251.4321667719 91609.51745257436 "HAT-P-36 b_z_20250604_052758s" 2460830.7287355
387.85843786793646 799.4662705614172 3.9130612681981916 108.90553087833518 308.248564028223 540.2965597053253 709.3607736432477 1104.5340520179234 1745.684132865994 2784.895404732637 4526.540148183121 7059.71809596473 10376.088311016058 13797.17471546316 17061.149156224536 19578.304773621145 21055.46181408348 21708.106595312755 21961.34510919248 22224.990778784355 22320.71237193828 22710.25877247195 "HAT-P-36 b_z_20250604_052758s" 2460830.7287355
507.2575105223801 504.27491253800304 22.316422784231804 187.36996949229388 442.50737464131953 768.6893242829237 1242.878740024491 1969.830761066074 3418.837200815815 5607.130828538746 9348.705281431565 15639.562899888617 25175.084328268473 37541.67732499703 51472.41575235844 64361.041844145264 73505.34319858454 79054.68366285303 82135.03313519029 83730.77336532196 84954.7966597307 85870.67777029268 "HAT-P-36 b_z_20250604_052906s" 2460830.7295261
453.7914098177372 384.170157562824 8.259580430286064 122.62152208820658 364.9712958182422 820.2437090466028 1498.8114630605596 2643.075237207737 4376.367707779089 7155.380172970468 11575.117130537383 18980.12334651121 30312.57017885436 45354.070775432905 62450.09095917985 78239.04556747417 89254.36180292518 96184.83911633804 100166.86828378339 102170.71097561425 103616.3186450349 104487.16011632478 "HAT-P-36 b_z_20250604_052906s" 2460830.7295261
387.5411812954724 800.0574414348383 -29.962019301400915 23.48522228024285 25.61700894802607 81.92636055299317 72.30951559729328 170.6916388866939 421.82035925634773 907.6438506492777 1570.2403984720368 3060.7321354584274 5311.762234736081 8638.65382822905 12905.315556042871 17545.540207152342 21347.256943790693 23815.76146092263 25292.518987820673 25949.001041221258 26286.170472145313 26569.81539143878 "HAT-P-36 b_z_20250604_052906s" 2460830.7295261
507.23937244709697 504.58896491598887 46.45927879172763 128.3016607778702 357.96900636356395 553.9564563257863 838.4779870853126 1469.3532014242082 2454.247086731535 3865.348590638914 6091.873611743755 9891.378335510119 15836.818435509042 24875.311793664383 36770.5984221111 50000.76430930417 62630.21987451175 71970.60296276888 77184.0450598831 80197.22264296639 81993.01733889247 83253.21356748938 "HAT-P-36 b_z_20250604_053014s" 2460830.7303131
453.81458574399056 384.59522702683864 44.67384245025056 33.45526378744967 226.75809964314203 501.32406422421354 937.8743626688138 1622.6712097381405 2605.9182856547377 4292.583207660991 7039.230203978474 11606.831945302118 19021.01125478239 30414.954650387976 45153.746928424225 61209.53430065075 76182.05487616158 87673.70982544661 94549.5603425027 98192.77488154954 100048.60738307863 101274.56514777502 "HAT-P-36 b_z_20250604_053014s" 2460830.7303131
387.64708405710695 799.8309638004449 16.524448051689717 72.00027591394974 180.62149355711063 243.31787416374664 244.4279991295116 472.2876718988118 731.8433698886802 983.5144576211023 1466.5191720191433 2516.2022148345422 4189.868903481896 6626.089641536266 10441.578142227285 15384.375356510107 20141.732406080075 23627.460422122196 25692.661254962994 26862.331668203842 27442.58058693711 27615.941762692208 "HAT-P-36 b_z_20250604_053014s" 2460830.7303131
506.9323648367766 504.73578288728896 7.392894609461564 71.18266950486759 231.548239072888 346.5877273228143 425.2800430626012 696.9007117075089 1272.1867219832202 2165.4137604203315 3572.313245496145 5918.273919266663 10100.646581400688 16956.366080799227 28175.59528529176 41817.20240338324 55987.76199100223 68352.84292149203 76344.66297783381 80335.10967776392 82581.03348919301 83767.1750675101 "HAT-P-36 b_z_20250604_053122s" 2460830.7311089
453.4618666490699 384.65708941378375 30.76467797785034 139.1056951167452 352.52189534103445 574.3504915185758 1007.8183162565547 1573.6179047709538 2344.1970521635267 3515.2614290760757 5268.175964774924 8328.253649966791 13452.646393385075 22300.5773692265 35822.74801450038 52945.89462531221 70343.07147037276 85286.1271072215 95036.728220824 100528.51270328111 103672.73124150316 105410.28077436294 "HAT-P-36 b_z_20250604_053122s" 2460830.7311089
387.5565431043368 799.9482646111953 7.151819368380814 13.459575222087778 88.35928483054249 232.27278608090091 245.184976008597 351.9115267132547 560.954211549597 853.380527599169 1417.552610887862 2287.8891470002345 3574.834648069038 5500.179295818074 9042.196799706246 13770.539609201995 18865.82388531715 23236.466344061424 26343.36149637334 27754.027855240303 28558.483408128755 28900.557985732128 "HAT-P-36 b_z_20250604_053122s" 2460830.7311089
506.88996438897584 504.5777901060301 9.118667764929626 37.18693904236716 79.2304455599533 246.2587056939783 649.3851549910687 1044.548674863774 1774.918779817588 2845.744479943125 4739.470920887114 7788.617235222053 12462.480733991666 20101.258857288776 30964.984338076698 44577.66183511382 59335.675559431154 71600.26018269666 79275.76745236435 83526.21160412775 85584.44167409098 86961.88939994524 "HAT-P-36 b_z_20250604_053231s" 2460830.7319
453.41164103087345 384.5433056624237 55.372970007038305 119.23326242780536 245.32565488916543 396.12461942519985 863.4909771862658 1321.9958267749862 2098.1802706145645 3431.668445824049 5497.334699627525 9041.958153963264 14625.509802971217 23807.140588410068 37119.23194852061 53922.50736878131 71606.08837104379 86369.98355282922 95807.6198546558 100900.9841052092 103306.54780181914 105027.33772634121 "HAT-P-36 b_z_20250604_053231s" 2460830.7319
387.3717181491447 800.064632527555 -5.375664700104494 26.284013844409174 1.9308917175835631 -48.59921661841781 54.31915735824077 136.82888364857172 338.4042214732617 470.99160431099153 947.0236394650274 1636.0203945183894 2961.740480520617 5086.077377625603 8157.861942416275 12805.575591506466 18082.4905711919 22876.74047094857 26095.793846366825 27741.29402743405 28663.122787573957 29246.07356256488 "HAT-P-36 b_z_20250604_053231s" 2460830.7319
