reduction_output/HAT-P-36 b_photometry_master.ecsv
# %ECSV 1.0
# ---
# datatype:
# - {name: xcenter, datatype: float64}
# - {name: ycenter, datatype: float64}
# - {name: flux_r1, datatype: float64}
# - {name: flux_r2, datatype: float64}
# - {name: flux_r3, datatype: float64}
# - {name: flux_r4, datatype: float64}
# - {name: flux_r5, datatype: float64}
# - {name: flux_r6, datatype: float64}
# - {name: flux_r7, datatype: float64}
# - {name: flux_r8, datatype: float64}
# - {name: flux_r9, datatype: float64}
# - {name: flux_r10, datatype: float64}
# - {name: flux_r11, datatype: float64}
# - {name: flux_r12, datatype: float64}
# - {name: flux_r13, datatype: float64}
# - {name: flux_r14, datatype: float64}
# - {name: flux_r15, datatype: float64}
# - {name: flux_r16, datatype: float64}
# - {name: flux_r17, datatype: float64}
# - {name: flux_r18, datatype: float64}
# - {name: flux_r19, datatype: float64}
# - {name: flux_r20, datatype: float64}
# - {name: frame_filename, datatype: string}
# - {name: time_obs, datatype: float64}
# meta: !!omap
# - {date: '2025-06-12 22:00:42 UTC'}
# - version: {Python: 3.12.9, astropy: 7.0.2, bottleneck: null, gwcs: null, matplotlib: 3.10.3, numpy: 2.2.5, photutils: 2.2.0, scipy: 1.15.3,
#     skimage: null}
# - {aperture_photometry_args: 'method=''exact'', subpixels=5'}
# - {aperture: CircularAperture}
# - {aperture_r: 20.0}
# - {sky_radius_in: 20}
# schema: astropy-2.0
xcenter ycenter flux_r1 flux_r2 flux_r3 flux_r4 flux_r5 flux_r6 flux_r7 flux_r8 flux_r9 flux_r10 flux_r11 flux_r12 flux_r13 flux_r14 flux_r15 flux_r16 flux_r17 flux_r18 flux_r19 flux_r20 frame_filename time_obs
[from data line 284]
506.95267020950286 502.9441999800039 83.24230852420936 169.1599248762643 274.8240995735605 537.4488757760464 814.779186938269 1382.5285788152723 2378.408511654361 4266.9060328532105 7866.837170415747 15149.246216445288 27794.97026660968 44420.70617829001 59745.00066567742 68498.00216414324 72368.10954890719 74119.1945622929 75381.74759671307 75970.2219746607 76253.29625813119 76562.79008649074 "HAT-P-36 b_z_20250604_062216s" 2460830.7664406
507.1813744907322 503.1712932125525 22.74722779846053 90.34419474056972 226.92107742865846 461.37003803400603 712.0979863398643 1262.2667740438228 2183.0393572183893 3626.956877411514 6099.497625214339 10744.162757797487 19091.36327519507 32494.858674135976 48871.65727267697 63053.42770468982 69991.13634921073 72695.97604344234 74127.86611300148 75188.40439025356 75909.23689780853 76177.14841940839 "HAT-P-36 b_z_20250604_062325s" 2460830.7672401
387.22395143352674 799.6139341071745 15.367211678216222 23.441749474768585 -20.481803185929493 -59.4381831772389 17.37175986801958 82.05101528821615 202.1833903705483 254.1534053621799 516.4934767946252 1220.451036970975 2860.8037712648074 5499.530089055232 9839.304806571337 15263.912779991733 19917.834290205035 22325.677036471927 23234.286544651084 23489.588183239248 23441.112155336858 23363.043688569684 "HAT-P-36 b_z_20250604_062325s" 2460830.7672401
453.6254711416107 383.09345918619186 35.79595998723448 31.695533297624934 179.80005622045064 458.9424226924066 851.5804433419326 1439.9214298658408 2396.788632372689 3989.5106967198444 6728.145433833881 11544.827293831157 21446.35015566484 37368.45954587533 56828.8660492995 74629.47419864238 84555.76917328058 88525.95643883661 90611.18207378576 91943.93091999774 92784.26457764197 93591.5697292966 "HAT-P-36 b_z_20250604_062325s" 2460830.7672401
454.1248169737381 382.5942132353296 35.62016633044789 159.43648712748904 308.7999456494081 532.0929041196687 901.2339557218584 1541.1376969155062 2477.906008560385 3975.98426028444 6728.1253953778505 12431.401911552013 23863.87107888906 40719.08337541588 59893.31224023744 74118.10168812342 81027.42740646203 83977.27021985983 85455.70545857749 86325.27742863959 86805.69239380248 87161.98653763652 "HAT-P-36 b_z_20250604_062434s" 2460830.7680398
507.60120848735363 502.74520675725483 66.03266231120472 158.53862921498921 286.34461111416476 389.51405402478304 699.7760924085214 1374.7409244111113 2185.33439820903 3452.8221879664125 5738.414272753042 10221.57988349921 19404.33112006339 33460.17173228334 49451.923605523945 61412.46004994995 66807.72552725063 69055.0586911781 70310.21000778596 71323.7472297244 71817.81121859446 72153.8692694435 "HAT-P-36 b_z_20250604_062434s" 2460830.7680398
387.3061922401535 799.253618290691 33.63776041484141 8.174472915655315 -40.09135493075155 126.12614160159865 216.75812498276537 295.4303776496017 254.28676098188953 310.25045694549044 438.4429164279427 1101.7921607777025 2561.0478696565333 5315.775752882895 9654.907946068022 14562.013935028444 18461.982517372773 20034.598475671635 20534.6564742802 20809.088917604968 21080.702081414376 21204.225259006576 "HAT-P-36 b_z_20250604_062434s" 2460830.7680398
388.35086695289334 798.5016626527456 -1.3757676418167648 -1.6216296720817809 -2.3023227545591 11.41169311525664 98.08288316148173 77.59893729570831 205.99709788142354 380.34754710039124 635.2232599209237 1235.9566924879764 2324.7765630032955 4035.233357226607 6527.619926588406 8709.518343751173 9953.917045896495 10362.746368694934 10528.942255135335 10904.794390419382 11045.908840657154 11125.562894205039 "HAT-P-36 b_z_20250604_062543s" 2460830.7688388
509.6403970489643 502.37637920955314 32.96306955807643 101.26166820917479 192.7634487411824 335.35925109200434 401.54685350832005 770.5666731181154 1185.9590876924194 2189.623030039904 4027.296839014605 7570.696383176721 13301.843122147257 20363.34138580077 26205.7188571953 29470.802249919827 31044.822362791543 31456.106883953995 31516.78503640913 31590.33810084776 31935.91010854073 31980.56733954302 "HAT-P-36 b_z_20250604_062543s" 2460830.7688388
456.37099372189294 382.37883583206764 40.89999477292565 188.8532282774422 379.05716586683593 611.1488692489074 1034.4864238867667 1486.8331800079322 2245.499659568428 3558.393421490764 5882.970182397927 10295.746231213066 17428.446405490322 26196.53707144622 34131.38117718964 38992.82482795141 41369.93401636343 42675.572802136536 43517.96416610794 44339.238589763 44845.79569422401 45058.067368268035 "HAT-P-36 b_z_20250604_062543s" 2460830.7688388
388.2442279281485 798.6775122795932 -22.582847674051095 -106.85746701457265 -168.4983352755935 -267.10912571963127 -250.28517943631596 -144.72028571154078 -259.7694713435412 -416.85813031897123 -289.94364670860523 -158.02563408068818 435.4568319741229 1609.9213311081694 3440.3503657933907 5720.181071096711 8237.579525987094 9549.507571859314 10049.864784618025 10444.124478240381 10345.463897975016 10034.367477407359 "HAT-P-36 b_z_20250604_062651s" 2460830.7696309
455.83001504464494 382.8180653546186 45.02096644190715 117.41679355400356 179.46825206867834 283.10178293242825 516.0662973313229 643.8389592049753 961.0536421254837 1553.5291374954468 2779.2593850781195 5358.262739790371 9766.548509844419 17537.425955634404 26853.10173140219 34993.10673096514 39950.48781526048 42056.85831170369 42952.99540690106 43480.342294824484 43941.679644770746 44325.04154667526 "HAT-P-36 b_z_20250604_062651s" 2460830.7696309
509.1393109464452 502.78186582050625 -16.70502941785037 25.568079411726558 160.8420821357695 278.71261990034145 534.2257041540779 748.7673938439984 1095.565675541966 1723.0997133055353 2946.2147345880876 5140.585612876042 9103.480681117202 15401.988077445465 23122.949009853342 29930.739273662344 34041.53180451752 35952.66741730002 36899.175849132764 37487.91582609917 37962.67733750539 38507.78163837781 "HAT-P-36 b_z_20250604_062651s" 2460830.7696309
387.8725688814855 798.9812472925621 14.758066180778087 91.9102007084075 130.18575462802983 98.9879107697925 82.68108901859705 102.17974256112939 249.40490464359027 373.90801314833516 643.9361432934093 1211.1372677370455 2004.4718527197547 3331.749748664093 5507.119335144031 8691.779097289691 12064.970537724686 14425.176102049183 15885.469206487382 16638.763859210274 17048.715479608567 16944.928162486554 "HAT-P-36 b_z_20250604_062800s" 2460830.770424
455.05363524635413 383.10630470085675 6.2902391908611435 96.16444272306103 237.8095408356039 378.07515686957686 650.7659122804253 725.219668080139 1195.1573044991055 2291.851133201395 3807.540251569044 6318.57606325423 10725.821578337149 18597.40760416149 30072.411722651595 42917.093987147906 53598.97692414925 60301.113967745914 63838.734127370786 65524.730413865414 66431.60499311148 66744.63499657187 "HAT-P-36 b_z_20250604_062800s" 2460830.770424
508.4119469022101 503.0403869615721 -12.957478001801235 64.16933068122057 167.17373182468054 226.2432481040987 221.71179545327323 426.1773762111334 826.6995137834638 1429.835456458979 2744.879969945716 4854.903075988157 8847.391382287184 15504.61789417296 24789.654817263625 35350.27990172828 43856.3097612329 48872.337072997194 51022.002045336994 52176.45883080136 52689.7027910467 53234.113631907094 "HAT-P-36 b_z_20250604_062800s" 2460830.770424
508.4859772609091 502.9807330269581 -19.00019077547165 37.05778312999382 211.31787573689053 413.12585903875333 626.7037232900129 838.4977044722327 1273.1047696224487 1870.9125441358738 2955.743217890449 4988.06525540787 8499.106240496236 14826.114356318561 24925.7704482923 37684.643418914755 49744.389364074304 57048.97451278067 60717.58782923789 62790.80089552741 63984.79722012728 64695.92681913474 "HAT-P-36 b_z_20250604_062908s" 2460830.7712081
387.7139261313709 799.12374183824 41.252030642670206 55.67147319419428 38.213996260756176 -76.36821362124283 -237.01412539079138 -278.5855076867774 -502.196147603172 -812.7499459692845 -847.0387631496487 -736.3038171265362 -154.30993323487928 901.6672119888244 2607.4863215569785 5439.676417442126 9551.46805437567 13551.375646469649 16138.142728324834 17253.79333240149 17887.74833824046 17963.677041692456 "HAT-P-36 b_z_20250604_062908s" 2460830.7712081
455.165369035509 382.98367868009177 -8.733766998659462 65.61514214086355 235.16674771076123 459.3912333997805 632.5423767156317 998.5808308018823 1593.0189562654268 2484.869294679662 3785.4254286595533 6062.946894671237 10017.93938484772 17684.301593611584 29849.709404500027 45179.16729542523 59890.0735597325 69098.31374004729 73849.79051556658 76052.22757114851 77284.78580397117 78156.48201485668 "HAT-P-36 b_z_20250604_062908s" 2460830.7712081
388.20326640311896 798.7299423952148 -22.25237472128765 -58.40613139034804 -109.1215544480674 -171.18647400576447 -187.61282481125272 -274.4495295944398 -347.32834436061967 -496.15327035316295 -434.8979948022825 -371.63926908920257 8.257570371191832 974.873896070625 2535.7169129454996 5063.59960003756 8621.743528003746 11787.430457630253 13665.695859303989 14609.682181121112 15081.193786885764 15227.941640639823 "HAT-P-36 b_z_20250604_063016s" 2460830.7720042
509.03152913967546 502.9824245282855 1.9419815596008903 48.66820445206167 91.5371951582265 104.06044664767978 239.53950575630915 356.63114204528756 580.9043807302733 980.6982150186595 1612.953271579805 3042.817346658856 5774.950033426634 10824.423233276742 18819.69964280937 29017.892177083617 38696.08846373725 44543.12266817159 47640.9914718341 49253.02149446166 50156.52716298893 51001.3944235782 "HAT-P-36 b_z_20250604_063016s" 2460830.7720042
455.7205158642539 383.0119161354082 46.09704568023369 123.07789494636518 155.00662383672898 224.34579621467492 313.67525827503414 534.71508942531 881.99214330022 1392.3835142575554 2574.5027909816345 4463.901472319703 7568.315783720871 13579.986886602477 23570.62864230282 36242.88501039929 48714.82227562848 56884.89770796127 60892.86024735731 62684.142280625325 63502.50104337765 63854.90709904581 "HAT-P-36 b_z_20250604_063016s" 2460830.7720042
388.9552039898551 798.0374349576414 -1.189185721471631 13.347544479732278 221.84886314782125 296.27734401556154 280.62870109799405 343.91589026970905 292.4165291761965 332.42670827702386 436.49724061346205 638.2932126725209 714.9584403408517 719.3037208874302 721.7045786550734 899.5046395769168 1326.4229645174346 1513.4121366199106 1954.8307770187384 2288.289795752906 2284.193342198385 2076.8711595839704 "HAT-P-36 b_z_20250604_063124s" 2460830.7727927
457.8595100518327 382.049048627595 32.34618469936754 113.41742552011965 154.87689757824955 64.30600105146914 -60.81422692384149 -28.704959017471992 239.1638717585447 274.0800819752476 380.0975337791606 556.4906249772175 1034.3260909470555 1780.5031325577293 2672.02945775594 3467.704407508252 4005.774103161122 4618.481609474344 4520.511027116154 4121.464502796996 4018.767126345774 4063.341115976684 "HAT-P-36 b_z_20250604_063124s" 2460830.7727927
510.88664338287805 502.05405440787047 20.7506899722531 68.08846943242042 35.20344519605533 73.3954111519688 150.0010521859731 39.87996808170283 68.055130210676 -7.381084801287216 182.6327911063272 506.14312888716813 992.9219912502303 1567.4486228745373 2293.5899348915846 2965.1261110588675 3221.1802868040977 3445.1942257049086 3377.347109600203 3477.8747478263685 3264.8408231346402 3413.6086030162987 "HAT-P-36 b_z_20250604_063124s" 2460830.7727927
510.9550480954598 501.9981065010993 8.831598268429275 24.37984008306921 150.9937500973083 241.56777956551014 371.48413844998504 402.5750623868662 524.7575519617094 779.4521488603204 1015.8552436373866 1120.1843751594424 1180.5301570495212 1231.2455266705074 1332.3146023380395 1670.1501884249155 1671.469778099301 1466.8870221450634 1618.7464209825848 1549.865065537102 1509.7329453566927 1762.4202857778291 "HAT-P-36 b_z_20250604_063234s" 2460830.7735953
388.9940936340368 798.0327974713897 -3.0436836462371275 -42.62477839572375 -123.20193445606856 -99.34918420372378 50.53004509591119 97.52690379292471 19.378554489761882 -64.03867905581137 -33.548896760315984 -91.54104505531723 -22.58548513383721 -30.489947476657107 -41.584318692213856 -11.56045036908472 -56.26267051277682 -130.17204803109053 -25.996736450702883 171.6495594722801 295.29331093042856 423.62531675526407 "HAT-P-36 b_z_20250604_063234s" 2460830.7735953
457.972268747203 381.9907283385185 -3.1509371547193723 57.63156028067624 123.56130545876294 174.1761571996667 63.45466619684157 199.1755868655382 459.90714931307593 455.8781494239738 532.3907440878393 570.2021102523577 646.6178943632403 855.4218048979528 923.2529578512476 828.9711421171378 849.0648730972898 875.8816900014644 757.885087546485 422.8275249917642 121.7245602386538 -370.12888521468267 "HAT-P-36 b_z_20250604_063234s" 2460830.7735953
510.9603499368444 502.0179174387448 -14.875837164348468 16.169909234356965 3.290445352453389 -21.607867095912297 112.6013164801916 106.38270693698723 177.07722721560276 291.29410029422434 329.11071081105183 348.08618380139524 244.36724988976493 169.61277037301625 -145.0564665067359 -168.32746734953253 -70.10287407957367 49.06800119532272 67.46807345823618 -232.62542320645298 -393.54220586357405 -403.9985543512739 "HAT-P-36 b_z_20250604_063342s" 2460830.7743876
388.9796799082777 798.0418597014481 4.302467112042336 -17.69666305267492 69.3272859916442 88.31009198565516 34.747478138328006 35.71376904429417 60.41349023766088 70.9509563778629 23.252475009168847 -85.3043158245855 -254.15379155267146 -376.14482595607114 -540.6634795455902 -559.1250190990977 -561.6160589819483 -552.2476151382143 -580.6676831998338 -578.6157898427919 -314.4330033324659 -260.2609916795045 "HAT-P-36 b_z_20250604_063342s" 2460830.7743876
457.9720013080821 381.97775198766186 4.614220522933238 -8.54855111953475 17.23967881124372 6.129810942098629 -39.36102363120881 106.62932739793177 146.04078714601928 151.44439663800586 97.47611325148318 201.2746053464507 458.1266681696434 693.9070758014423 1001.2005485904083 981.6315771095979 905.729361239908 627.0375610168267 453.9915854774299 112.60197896428872 -215.7610296276398 -526.3571189955692 "HAT-P-36 b_z_20250604_063342s" 2460830.7743876
