reduction_output/HAT-P-36 b_photometry_master.ecsv
# %ECSV 1.0
# ---
# datatype:
# - {name: xcenter, datatype: float64}
# - {name: ycenter, datatype: float64}
# - {name: flux_r1, datatype: float64}
# - {name: flux_r2, datatype: float64}
# - {name: flux_r3, datatype: float64}
# - {name: flux_r4, datatype: float64}
# - {name: flux_r5, datatype: float64}
# - {name: flux_r6, datatype: float64}
# - {name: flux_r7, datatype: float64}
# - {name: flux_r8, datatype: float64}
# - {name: flux_r9, datatype: float64}
# - {name: flux_r10, datatype: float64}
# - {name: flux_r11, datatype: float64}
# - {name: flux_r12, datatype: float64}
# - {name: flux_r13, datatype: float64}
# - {name: flux_r14, datatype: float64}
# - {name: flux_r15, datatype: float64}
# - {name: flux_r16, datatype: float64}
# - {name: flux_r17, datatype: float64}
# - {name: flux_r18, datatype: float64}
# - {name: flux_r19, datatype: float64}
# - {name: flux_r20, datatype: float64}
# - {name: frame_filename, datatype: string}
# - {name: time_obs, datatype: float64}
# meta: !!omap
# - {date: '2025-06-12 22:00:42 UTC'}
# - version: {Python: 3.12.9, astropy: 7.0.2, bottleneck: null, gwcs: null, matplotlib: 3.10.3, numpy: 2.2.5, photutils: 2.2.0, scipy: 1.15.3,
#     skimage: null}
# - {aperture_photometry_args: 'method=''exact'', subpixels=5'}
# - {aperture: CircularAperture}
# - {aperture_r: 20.0}
# - {sky_radius_in: 20}
# schema: astropy-2.0
xcenter ycenter flux_r1 flux_r2 flux_r3 flux_r4 flux_r5 flux_r6 flux_r7 flux_r8 flux_r9 flux_r10 flux_r11 flux_r12 flux_r13 flux_r14 flux_r15 flux_r16 flux_r17 flux_r18 flux_r19 flux_r20 frame_filename time_obs
510.57337497641754 501.37064131746877 8126.79343120528 26677.983095367537 45972.22833976041 60607.49912005388 70542.8116499719 77003.90262839643 81464.8439873549 84478.81588047849 86924.69081825917 88729.10760809344 89811.25737040263 90654.7472658391 91583.33743895964 92047.68940649554 92612.65920802852 93081.01576922997 93461.78229721436 93564.811117754 93682.19592156624 93908.46105215678 "HAT-P-36 b_z_20250604_040856s" 2460830.6739114
457.4858033413857 380.99030926846706 8877.964879408346 29519.432113141313 52191.06224353157 70666.80325917638 83415.1361389423 91868.0655380387 97580.36860597109 101678.84604218378 104726.23451598578 107142.02281708541 108922.01947356746 110432.88732739512 111329.17204580587 112152.93064704827 112689.24426386313 113162.98879639119 113645.41567805594 113916.08004159696 113985.19816221566 114169.36076308679 "HAT-P-36 b_z_20250604_040856s" 2460830.6739114
389.159355860433 799.2922212113648 647.65528961736 2711.0611300293144 6526.344211932996 11814.228148373653 17624.934745688075 22361.386963990873 25181.471129890604 26749.05026433149 27725.2603947266 28352.255861112724 28792.73411458148 28964.434345657224 29308.25870904371 29380.152430758324 29439.347632985693 29346.357719099164 29546.189306664033 29453.254751627785 29467.439839448838 29532.343280586152 "HAT-P-36 b_z_20250604_040856s" 2460830.6739114
510.70957522720335 499.33882296531874 943.8122948166204 4340.643941767945 12223.096999075015 25253.39186696287 40927.502303984715 55672.74677643597 67432.9585804588 75873.1428215273 81514.00578468552 85232.73915701467 87643.17268950147 89403.76912054722 90631.66719189449 91546.86430339108 92348.88191357335 92965.872000163 93427.84576788245 93938.14763883124 94123.79026138455 94304.97587321486 "HAT-P-36 b_z_20250604_041728s" 2460830.6798402
457.607704749229 378.8124858150079 679.7333132120209 3405.476285715397 9764.681907110875 22075.955282322786 39692.47192545967 58246.2928378991 73999.95848663802 85982.59371686648 94243.50486725886 99692.28738593045 103504.62653875718 105829.18181770798 107550.89131652223 109092.80937174075 109933.25260742611 110314.6109799236 110589.02329011617 110865.58247076123 110949.33782153948 110680.25499061827 "HAT-P-36 b_z_20250604_041728s" 2460830.6798402
389.2189168725021 798.0605459658524 2787.3673503672535 9309.070219410753 16069.661618737902 20976.981145036145 24013.357443766956 26025.957327915283 27436.632806025314 28286.97242587984 28929.686802802822 29344.968873545746 29586.956293903764 29984.152927095827 30105.695805496893 30195.012008638638 30268.904681456566 30261.694217887358 30175.924342666112 30039.95724281513 29765.5372597627 29418.98340312473 "HAT-P-36 b_z_20250604_041728s" 2460830.6798402
510.43501113760396 499.4963464873542 1437.540880471117 6966.783037390134 17985.09094405928 33334.78566533779 49440.26991422975 62595.85254214689 72055.60181139133 78593.919892142 82860.3544966092 85727.70087317286 87789.7686265036 89266.18810547606 90329.89116004061 91140.00156579603 91946.49736469016 92808.73930583373 93352.18218948077 93616.91445252612 93695.17538715464 93695.93921790956 "HAT-P-36 b_z_20250604_041842s" 2460830.6806382
457.3063104892202 379.0071635529446 1174.8636724071266 5628.199819064628 15735.369994994273 32201.8301276406 51543.232500289654 69182.61726017889 82467.86212219081 91604.58446401168 97608.97852933808 101688.87489231753 104531.61589790383 106575.26482000924 107828.2740922579 108697.18069223355 109337.49115723424 109550.71403339792 109892.98110730917 110070.50201991391 110217.071481127 110335.61543329839 "HAT-P-36 b_z_20250604_041842s" 2460830.6806382
389.04917776964504 798.1540420608328 2525.961569999095 8793.164883563553 15514.689944082565 20641.614554509997 24042.035018776798 26053.987255224514 27163.402566014818 27968.13036729491 28544.325215275694 29001.511661198354 29341.627146718907 29652.801352559916 29687.335180335336 29713.58030259073 29544.944447018424 29468.59979058319 29616.30734092275 29577.26238987611 29358.319992959092 29102.895966456505 "HAT-P-36 b_z_20250604_041842s" 2460830.6806382
509.93871650464536 499.33648024771173 2478.0530987348016 10124.334122694976 22759.10768973031 37960.30498178037 52691.00516214385 64324.2198109901 72806.9784561926 78964.6970142156 83054.93674169856 85940.75434732402 87900.19776085658 89305.41400998886 90275.57207271442 91169.37789608544 91680.51563420087 92102.32566143165 92555.75576818526 92571.18540431338 92488.28163155622 92655.75785818778 "HAT-P-36 b_z_20250604_041950s" 2460830.6814325
456.7736418901722 378.8224963407833 1993.269849899248 8811.658874831319 21726.652766994197 39207.53506734868 57344.04427670718 72952.9620964557 84617.81804960141 92739.04862571775 98281.24611952809 102133.05164987722 104760.85829794263 106862.45128116652 108375.61493505129 109432.8384081586 110227.77554915372 110804.13663088807 111028.65529570557 111506.81141677657 111674.39519196632 111616.81539881055 "HAT-P-36 b_z_20250604_041950s" 2460830.6814325
388.7961532600931 798.004837083425 2229.241991530733 7915.56691029744 14484.565255249141 19531.738885461265 23070.806888835636 25349.617639800897 26921.64632196854 27863.36836448645 28514.526064444235 29020.187403525422 29526.06080404543 29870.79161733496 29945.686395562552 30279.443530031254 30450.9473926355 30466.082061639972 30478.668008266133 30424.826312786274 30446.983321196632 30264.907875593315 "HAT-P-36 b_z_20250604_041950s" 2460830.6814325
456.90558423923574 379.69113482966543 5199.628822943235 19472.263071380825 38580.53578599112 57573.58210306081 72673.44034510717 83920.56366047202 92128.45754844486 97855.73131893198 101835.99407283872 104676.46547902752 106801.0585988326 108480.98948452552 109731.50593271131 110967.78904752887 111901.06801499972 112511.30329642077 112650.7016564776 113028.0112328648 113317.1617815789 113166.22074412926 "HAT-P-36 b_z_20250604_042059s" 2460830.6822212
388.8186821654417 798.5853639920664 1347.0348376729592 5249.518907815446 10889.611360310153 16638.553422097462 21321.22659711835 24380.45881084517 26390.235945708024 27600.961971656146 28298.79785354996 28906.471359755604 29220.169685582194 29534.508202800433 29767.273620601067 30222.674485131574 30377.205098646824 30527.374619250637 30393.756262137744 30561.34676893179 30655.719746624614 30749.52808266398 "HAT-P-36 b_z_20250604_042059s" 2460830.6822212
510.0880950723568 500.17004261537113 5348.316415556916 19454.354542971676 36731.59455290367 52100.096458990745 63815.88179583849 72331.92385913474 78378.88654763102 82604.28342532937 85651.41048814106 87835.38707132995 89549.4300017756 90992.43572209813 92042.35310695166 92741.39610898952 93264.06872271 93588.52023263843 94023.88783685655 94403.08117737371 94508.88103527924 94732.38399205095 "HAT-P-36 b_z_20250604_042059s" 2460830.6822212
456.77839258277464 380.72555110372423 9216.431350435048 31509.065248398478 54627.38983011185 72686.45046776207 85168.0940146606 93252.51528718178 98580.50436503868 102329.3264426574 105057.51819496695 107185.5456671923 108845.10779282474 110243.4604812939 111215.62603884056 112166.7530407692 113092.7178834925 113819.58796544811 114305.64797094476 114652.5256144955 114805.75255727932 114710.4485042044 "HAT-P-36 b_z_20250604_042207s" 2460830.6830157
388.75220522034317 799.2061026420729 561.9426888293992 2450.8594778217343 5634.427099657572 10171.639095386763 15595.138024653117 20804.513043174462 24456.926973260543 26529.232852663386 27678.330389634895 28313.18330345604 28596.921230853877 28888.780786510848 29252.53696864614 29389.88169186785 29348.042998030083 29346.994915119692 29330.514825514314 29358.171432258445 29159.924184404765 29063.467418892542 "HAT-P-36 b_z_20250604_042207s" 2460830.6830157
509.94775766514834 501.15150813474685 7477.887926682222 25902.111296501505 45534.63280312021 60433.3072728135 70574.00221302593 77173.69758041047 81525.06104244918 84496.02617448554 86695.71022993259 88353.39389632808 89546.03789836745 90410.20719242204 91088.15543326724 91667.73973295922 92257.92097652117 92661.05617009294 93007.82289754624 93231.05261503372 93266.22817758698 93355.94957821062 "HAT-P-36 b_z_20250604_042207s" 2460830.6830157
509.33652173355387 500.8755349776667 6124.757599105024 21196.61441663852 39427.62067166676 55199.511528012285 66683.96771674036 74416.53061058487 79439.1238564144 82971.9648256863 85484.59005217753 87245.09828949554 88504.25573923741 89339.59631835305 90039.44452254812 90743.20385415491 91614.07376141721 92010.64277070756 91954.78681109655 91927.26036517341 91885.13974660955 91947.2041776451 "HAT-P-36 b_z_20250604_042316s" 2460830.6838088
456.1328336604676 380.4363502115279 7933.984984846719 27288.424405036156 49143.204572047885 67390.3500840091 80517.64408096632 89587.16871510778 95643.0571476904 99779.2799214634 102834.54531526883 105220.7504624181 107015.76491150653 108338.72106443736 109382.42851431941 110324.52071019469 111097.3559656507 111732.29549798384 112018.582833908 112344.99496358188 112358.69163585511 112333.30957740599 "HAT-P-36 b_z_20250604_042316s" 2460830.6838088
388.4036062938153 799.0026790181358 442.97600587030655 1987.1828009923568 4714.4519710452105 8752.100979862866 13935.38426863174 19182.136863570304 23090.917126061235 25561.13316176157 26887.5607431065 27605.347096182697 28019.83536890571 28292.387705892834 28424.839140345197 28507.17356152943 28289.094140236833 28206.594004751838 28337.605571682565 28172.37581161203 27984.65117307358 27692.32279883785 "HAT-P-36 b_z_20250604_042316s" 2460830.6838088
509.1429742430264 500.5092434613468 4711.920868362716 16951.02364724189 32620.875199814887 47139.53317445492 58398.36303925105 66410.07623101168 71883.95941748851 75903.0905908652 78640.01186133575 80807.3441282007 82293.39552497432 83303.49251964208 84212.51184720802 85012.6812489465 85569.11707254291 85914.36243782728 86279.29125969003 86595.36192837507 86750.9038292942 86863.89183267465 "HAT-P-36 b_z_20250604_042424s" 2460830.6846002
455.8511648613923 380.07277004337925 6086.5491180063145 21754.121826819064 40427.12988279382 57329.520822761275 70646.33675325038 80261.40314676023 86976.48320634592 91680.90548717641 95086.58998517969 97538.4899494264 99218.72180532805 100412.81053069889 101540.17393641485 102459.380475617 103340.26344383812 103822.43097254832 103970.57412559567 104095.22085000567 104261.98572641902 104362.17255608152 "HAT-P-36 b_z_20250604_042424s" 2460830.6846002
388.24705825103376 798.5624822234622 530.5886730232228 2098.8668933579424 5057.971620955769 9309.78617230379 14328.607283399542 18924.71333028626 22062.066760827063 24114.81213941172 25534.44507861188 26537.971436872554 27150.253130697252 27596.776869917667 27819.740776333827 28008.89992808037 28314.42718046684 28591.059986839624 28749.68777831654 29183.457717770347 29597.257396297267 29569.04922645283 "HAT-P-36 b_z_20250604_042424s" 2460830.6846002
388.4005385625876 799.2774503142373 191.5182437131482 791.6975549404565 1955.9684861087171 3974.8923245533024 7366.710894688862 11833.263320988255 16392.360732755325 20203.458578208418 22958.128009478372 24813.996606041765 25876.024644651814 26424.043247544076 26755.103521690908 26929.32988100787 27057.9536394366 27273.733045179222 27367.592258158445 27389.89434001592 27389.327776362858 27325.97373087384 "HAT-P-36 b_z_20250604_042532s" 2460830.6853907
509.31382638338073 501.75800920820984 2746.064003482812 10930.153499044962 23494.99612156737 38449.795167560085 52375.690559603485 63078.65831241553 70426.47700285379 75083.12797152996 78430.2433520777 80714.32495460656 82267.23967156967 83373.49194859479 84113.52587369981 84867.52002566542 85394.33753269634 85691.440150943 85749.79996963486 85849.37182869423 85978.46742064191 86287.47106958018 "HAT-P-36 b_z_20250604_042532s" 2460830.6853907
456.0747165686751 381.4155579005221 3734.495393672773 14474.085540324182 30687.89231388604 48895.87483873895 65331.14354364395 77590.05267716557 85985.43533212105 91559.64502818765 95362.3369430866 97773.96151612565 99614.69306953481 101117.83435302193 102229.08919183594 103068.6425353421 103683.06140438584 104112.33453411718 104424.60176037575 104732.46501224361 104355.76588474629 104285.73960607953 "HAT-P-36 b_z_20250604_042532s" 2460830.6853907
508.94917000392184 502.30231316397743 1258.3914327214984 5568.222745262457 13870.624299414287 25772.10888653368 40019.27107722682 54693.75752645425 67013.40527292862 75601.55863129132 80854.35022021654 84180.74563708427 86373.63241157532 87835.16761731883 89071.44989840312 89995.45254194243 90669.99914639126 91145.86805937946 91331.17040521462 91422.96030977934 91597.79043352336 91576.33114342342 "HAT-P-36 b_z_20250604_042641s" 2460830.6861886
455.7064178531426 381.97799637167583 1837.3323475085754 8041.97081093861 19570.73972259407 35356.75728081775 53064.73090804356 70034.00199667881 83362.22472445623 92407.36040273262 98233.12123471055 102006.66984897308 104337.64291393975 105961.56894469699 107193.94783518961 108426.3040346303 109310.5321222394 109989.67441155852 110196.20327504132 110328.19302040648 110175.17715642833 110092.74924731838 "HAT-P-36 b_z_20250604_042641s" 2460830.6861886
388.1976388162757 799.6910643310371 88.11704943077956 408.9311575335189 1074.9587396765592 2317.8553897705415 4327.810940238354 7574.724767961921 11756.600712846062 16546.992910710178 21144.70388313315 24426.039370243212 26402.917312553393 27489.407686034785 28235.680394565898 28607.626156454266 29093.446041655217 29481.86291822155 29842.174378248266 30013.083348717526 30165.058361310745 30209.969510502968 "HAT-P-36 b_z_20250604_042641s" 2460830.6861886
508.4646751242821 501.8067169602324 969.0222055237189 4033.982771022297 9832.118996010084 18446.388441573225 29481.151943332996 41840.97058114431 53869.59187563801 63461.154822311364 70272.87106548838 74512.85374250705 77419.85222233275 79425.42653839753 80997.29451022694 82270.59070146632 83290.37745572052 83964.66336868463 84314.80065451632 84636.38209148822 84914.93033789282 85148.6919161529 "HAT-P-36 b_z_20250604_042749s" 2460830.6869755
455.12588376020665 381.4749175497517 1282.8788285231994 5568.3199759361105 13288.985861644456 24701.547094442307 38928.91998705671 54142.68379941202 68300.23827594225 79345.60573757342 86879.57663705829 91966.54174577087 95291.04571432709 97545.89719345755 99208.74370151243 100354.82907965152 101623.76558472074 102321.63616721783 103008.22018836353 103632.92843670821 103581.55956977689 103917.25864383733 "HAT-P-36 b_z_20250604_042749s" 2460830.6869755
387.94695493015 799.2206124158172 87.77391772220676 465.95120569076994 1245.9946007858794 2474.4984364084266 4373.6529219198055 7219.607450863963 10927.675991431439 15030.83373616937 19006.640192705676 22271.248004134308 24637.93151654287 26172.304147413328 27128.219394373868 27859.791674847016 28376.84701700219 28767.694294012763 29246.198313038505 29723.5713622911 30072.37135239353 30102.842666680168 "HAT-P-36 b_z_20250604_042749s" 2460830.6869755
508.9062048971662 502.0858359558338 771.9244860463739 3122.280512435452 7226.472062433624 13425.900435885302 21490.571214606665 30915.934340792737 40744.30203833335 49090.53702995616 55255.20217939314 59335.56128660177 62094.93294102694 64047.33984047026 65443.69450042375 66519.84386197828 67278.83053826289 67781.43532223342 68224.03757648129 68828.31161628474 69358.35918989943 69968.7943619412 "HAT-P-36 b_z_20250604_042858s" 2460830.6877728
455.63285285251806 381.82439640068293 980.1856076136739 4017.036170006366 9342.661886985688 17329.03819981813 27592.906700496176 39194.33652260978 50811.48782899205 60447.018007936465 67834.2654637948 72888.36274279581 76320.05661717779 78677.92012117218 80396.5937643431 81623.56763708132 82885.3965592498 83594.87715361593 83826.04022096698 83982.16366807243 83688.4250004199 83780.25535113495 "HAT-P-36 b_z_20250604_042858s" 2460830.6877728
